-68.000000 210.000000 65.000000 0.0
-23.9 -7.7 56.8 1.000
-26.2 -8.5 62.7 1.000
-15.5 -5.0 69.4 1.000
-16.0 -5.2 74.8 1.000
-17.8 -5.8 83.5 1.000
-12.3 -4.0 91.3 1.000
-10.9 -3.5 101.0 1.000
-15.0 -4.9 103.7 0.879
-11.3 -3.7 112.1 1.000
-15.9 -5.2 109.2 1.000
-14.3 -4.6 124.8 0.879
-11.3 -3.6 131.6 1.000
-7.3 -2.4 140.0 0.828
-14.0 -4.5 145.6 1.000
-14.0 -4.5 150.8 0.941
-8.9 -2.9 159.7 1.000
-8.0 -2.6 162.6 1.000
-4.5 -1.5 171.3 0.879
-6.3 -2.0 172.8 0.879
-5.8 -1.9 179.1 0.879
-3.1 -1.0 185.2 0.828
-5.4 -1.7 193.7 0.879
0.4 0.1 196.6 1.000
1.6 0.5 205.8 0.879
-2.4 -0.8 193.2 1.000
6.9 2.2 195.6 1.000
5.0 1.6 185.9 1.000
4.1 1.3 180.5 1.000
10.1 3.3 177.1 1.000
9.6 3.1 167.4 1.000
11.0 3.6 161.6 1.000
6.3 2.1 160.1 1.000
12.8 4.1 152.4 1.000
5.4 1.7 146.6 1.000
13.7 4.4 140.2 1.000
15.1 4.9 132.5 1.000
13.2 4.3 122.3 1.000
12.3 4.0 116.4 1.000
13.6 4.4 111.6 1.000
18.7 6.0 97.5 1.000
16.8 5.4 97.0 1.000
15.9 5.1 90.2 1.000
15.4 5.0 87.3 1.000
12.2 3.9 77.1 1.000
9.8 3.2 69.9 1.000
2.4 0.8 65.5 1.000
-7.7 -2.5 61.7 1.000
4.7 1.5 49.0 1.000
12.1 3.9 41.2 1.000
3.8 1.2 41.2 1.000
12.5 4.1 34.4 1.000
-50.7 -16.4 34.1 1.716
11.2 3.6 44.6 1.000
9.3 3.0 50.9 1.000
5.7 1.8 61.6 1.000
14.5 4.7 65.0 1.000
7.1 2.3 66.5 1.000
6.6 2.1 77.2 1.000
11.3 3.6 86.8 1.000
7.6 2.5 90.3 1.000
9.4 3.1 97.0 1.000
6.7 2.2 100.4 1.000
12.7 4.1 113.5 1.000
9.5 3.1 116.5 1.000
-50.7 -16.4 37.5 11.324
11.4 3.7 131.0 1.000
9.1 2.9 139.8 1.000
12.3 4.0 146.1 1.000
4.9 1.6 152.9 1.000
5.9 1.9 155.3 1.000
5.4 1.8 163.5 1.000
5.9 1.9 173.7 1.000
9.6 3.1 177.6 1.000
5.0 1.6 185.9 1.000
7.8 2.5 194.1 1.000
6.9 2.2 192.7 1.000
4.1 1.3 189.8 1.000
-2.4 -0.8 182.0 1.000
-2.8 -0.9 182.5 1.000
-1.9 -0.6 168.4 1.000
3.1 1.0 160.6 1.000
-7.0 -2.3 160.2 1.000
-0.1 -0.0 148.0 1.000
-6.2 -2.0 145.1 1.000
-4.3 -1.4 138.8 1.000
-2.0 -0.7 128.1 1.000
-1.6 -0.5 123.3 1.000
-8.5 -2.8 113.6 1.000
-9.9 -3.2 107.8 1.000
-9.5 -3.1 98.1 1.000
-6.3 -2.0 91.7 1.000
-2.1 -0.7 95.6 1.000
-10.0 -3.2 82.0 1.000
-9.1 -2.9 72.3 1.000
-6.3 -2.1 61.2 1.000
-8.6 -2.8 59.2 1.000
-6.8 -2.2 51.9 1.000
-5.0 -1.6 41.7 1.000
3.3 1.1 41.7 1.000
0.1 0.0 36.4 1.000
13.5 4.4 54.3 0.859
12.1 3.9 57.7 1.000
3.4 1.1 69.9 1.000
14.3 4.6 79.6 0.879
13.1 4.2 80.5 1.000
8.0 2.6 90.0 0.879
6.4 2.1 97.1 0.879
10.1 3.3 100.4 0.879
4.4 1.4 107.7 1.000
3.9 1.3 115.5 1.000
2.6 0.8 125.2 1.000
5.8 1.9 134.4 1.000
6.8 2.2 140.7 1.000
3.3 1.1 144.6 0.879
9.6 3.1 156.9 0.907
-5.2 -1.7 165.5 1.000
1.7 0.6 165.0 1.000
-1.5 -0.5 178.6 1.000
3.6 1.2 185.4 1.000
-3.8 -1.2 182.5 1.000
-6.5 -2.1 185.9 1.000
-7.9 -2.6 175.2 1.000
-10.7 -3.5 171.8 1.000
-5.6 -1.8 174.7 1.000
-2.9 -0.9 166.0 1.000
12.4 4.0 169.8 1.000
10.5 3.4 161.1 1.000
-50.7 -16.4 32.2 26.094
18.8 6.1 151.9 1.000
11.9 3.8 144.6 1.000
-50.7 -16.4 34.1 17.531
20.1 6.5 127.1 1.000
11.8 3.8 123.7 1.000
11.3 3.7 120.8 1.000
15.0 4.9 113.5 1.000
11.8 3.8 106.3 1.000
16.8 5.5 99.9 1.000
19.1 6.2 91.2 1.000
24.7 8.0 87.3 1.000
14.9 4.8 78.1 1.000
16.8 5.4 69.8 1.000
13.1 4.2 67.9 1.000
14.4 4.7 53.8 1.000
19.1 6.2 61.6 1.000
21.4 6.9 52.4 1.000
15.8 5.1 40.2 1.000
18.1 5.9 39.8 1.000
24.6 8.0 38.8 1.000
17.6 5.7 30.5 1.000
23.6 7.6 21.8 1.000
21.3 6.9 45.6 1.000
27.8 9.0 38.8 1.000
22.7 7.4 36.8 1.000
29.2 9.4 34.4 1.000
16.2 5.3 33.4 1.000
21.3 6.9 38.3 1.000
20.9 6.8 50.4 1.000
32.0 10.4 57.2 1.000
24.2 7.8 65.5 1.000
34.3 11.1 65.9 1.000
35.3 11.4 74.7 1.000
28.3 9.2 80.0 1.000
33.9 11.0 87.3 1.000
33.9 11.0 94.6 1.000
29.3 9.5 103.3 1.000
35.8 11.6 109.1 1.000
25.2 8.2 118.4 1.000
30.3 9.8 122.7 1.000
22.0 7.1 130.5 1.000
24.8 8.0 131.5 1.000
26.6 8.6 147.0 1.000
21.1 6.8 146.0 1.000
24.3 7.9 153.3 1.000
20.2 6.5 162.5 1.000
15.1 4.9 166.4 1.000
12.4 4.0 168.4 1.000
12.4 4.0 176.6 1.000
7.3 2.4 175.2 1.000
-2.9 -0.9 171.8 1.000
-5.6 -1.8 175.2 1.000
-15.3 -5.0 170.4 1.000
-16.7 -5.4 167.7 0.879
-11.2 -3.6 159.2 1.000
-16.3 -5.3 151.0 1.000
-11.7 -3.8 146.6 1.000
-14.9 -4.8 139.8 1.000
-21.4 -6.9 135.9 1.000
-19.1 -6.2 124.3 1.000
-22.8 -7.4 122.8 1.000
-19.2 -6.2 110.7 1.000
-34.4 -11.1 103.0 1.000
-50.7 -16.4 37.5 1.528
-24.7 -8.0 93.2 1.000
-28.9 -9.4 91.3 1.000
-22.4 -7.3 84.5 1.000
-20.6 -6.7 67.0 1.000
-26.6 -8.6 72.4 1.000
-27.1 -8.8 59.3 1.000
-26.2 -8.5 59.8 1.000
-23.0 -7.4 50.5 1.000
-19.8 -6.4 42.8 1.000
-13.3 -4.3 52.0 1.000
-19.7 -6.4 54.4 1.000
-9.1 -3.0 56.8 1.000
-16.0 -5.2 68.0 1.000
-3.6 -1.2 64.6 1.000
-7.7 -2.5 71.8 1.000
3.4 1.1 71.8 1.000
-6.7 -2.2 84.5 1.000
-50.3 -16.3 34.6 2.902
-2.1 -0.7 99.0 1.000
0.2 0.1 107.3 1.000
-1.1 -0.4 112.1 1.000
10.9 3.5 120.3 1.000
-1.6 -0.5 125.7 1.000
-1.1 -0.4 135.9 1.000
0.3 0.1 145.6 1.000
-0.6 -0.2 148.0 1.000
-1.1 -0.3 152.9 1.000
-50.7 -16.4 32.2 22.630
-8.0 -2.6 163.6 1.000
-0.6 -0.2 152.9 1.000
-15.8 -5.1 163.6 1.000
-10.7 -3.5 160.7 1.000
-17.2 -5.6 161.2 1.000
-16.3 -5.3 152.4 1.000
-6.6 -2.1 145.6 1.000
-14.0 -4.5 150.5 1.000
-20.0 -6.5 139.8 1.000
-10.3 -3.3 137.4 1.000
-14.5 -4.7 126.7 1.000
-27.9 -9.0 132.6 1.000
-21.9 -7.1 127.7 1.000
-31.1 -10.1 127.2 1.000
-25.1 -8.1 119.5 1.000
-32.5 -10.5 111.2 1.000
-24.2 -7.8 111.2 1.000
-34.4 -11.1 103.0 1.000
-35.8 -11.6 93.3 1.000
-21.5 -7.0 92.3 1.000
-37.2 -12.0 94.7 1.000
-25.2 -8.2 101.0 1.000
-29.4 -9.5 90.8 1.000
-29.4 -9.5 81.6 1.000
-20.2 -6.5 71.9 1.000
-28.0 -9.1 64.6 1.000
-17.4 -5.6 60.2 1.000
-18.4 -5.9 49.5 1.000
-4.5 -1.5 44.7 1.000
-5.9 -1.9 47.1 1.000
-15.9 -5.1 21.9 0.912
-8.7 -2.8 24.8 1.000
-4.5 -1.5 38.4 1.000
-8.7 -2.8 49.0 1.000
-10.5 -3.4 55.8 1.000
-5.9 -1.9 63.6 1.000
-16.5 -5.3 72.8 1.000
-15.5 -5.0 86.9 1.000
-1.7 -0.5 89.8 1.000
-0.7 -0.2 94.2 1.000
-5.3 -1.7 108.7 1.000
7.6 2.5 112.1 1.000
4.9 1.6 120.8 1.000
9.5 3.1 127.1 1.000
14.6 4.7 132.0 1.000
16.9 5.5 145.6 1.000
8.2 2.6 147.0 1.000
14.7 4.7 159.2 1.000
4.6 1.5 161.8 0.864
8.2 2.7 165.0 1.000
11.0 3.6 176.1 1.000
5.0 1.6 185.9 1.000
7.8 2.5 187.3 1.000
15.2 4.9 177.6 1.000
15.1 4.9 174.2 1.000
19.3 6.2 165.5 1.000
-50.7 -16.4 31.7 26.541
10.5 3.4 149.5 1.000
23.9 7.7 156.2 1.000
24.3 7.9 148.0 1.000
26.6 8.6 146.0 1.000
20.6 6.7 126.6 0.979
30.3 9.8 133.9 1.000
31.7 10.3 122.2 1.000
37.2 12.0 122.2 1.000
36.3 11.7 112.5 1.000
37.2 12.0 118.3 1.000
26.6 8.6 113.0 1.000
26.6 8.6 111.1 1.000
29.7 9.6 92.1 1.000
13.6 4.4 104.8 0.942
13.1 4.2 88.8 1.000
23.3 7.5 86.3 1.000
19.6 6.3 76.1 1.000
26.5 8.6 66.4 1.000
32.0 10.4 63.5 1.000
20.4 6.6 62.1 1.000
7.0 2.3 57.3 1.000
15.3 5.0 50.4 1.000
18.1 5.9 55.3 1.000
28.8 9.3 71.8 1.000
33.0 10.7 80.0 1.000
32.5 10.5 90.2 1.000
37.8 12.2 91.6 0.879
44.7 14.5 83.6 0.828
38.9 12.6 69.8 1.000
54.2 17.5 70.7 1.000
48.6 15.7 54.7 1.000
51.8 16.8 60.1 1.000
40.8 13.2 64.9 1.000
49.1 15.9 76.6 1.000
39.9 12.9 80.5 1.000
33.9 11.0 101.4 0.910
43.6 14.1 97.9 1.000
38.6 12.5 107.7 1.000
42.3 13.7 112.0 1.000
37.2 12.0 122.2 1.000
-50.7 -16.4 32.2 21.197
30.8 10.0 136.8 1.000
-50.7 -16.4 34.1 23.933
24.3 7.9 152.3 1.000
23.0 7.4 154.8 1.000
19.3 6.2 165.9 1.000
15.1 4.9 167.9 1.000
4.5 1.5 165.5 1.000
5.0 1.6 161.1 1.000
-50.7 -16.4 33.6 23.101
-5.2 -1.7 156.8 1.000
-50.7 -16.4 38.0 16.905
-2.5 -0.8 143.2 1.000
-2.0 -0.7 134.0 1.000
-0.2 -0.1 130.1 1.000
-50.7 -16.4 34.1 9.072
-9.0 -2.9 115.0 1.000
-5.8 -1.9 102.4 1.000
-13.2 -4.3 102.4 1.000
-9.5 -3.1 93.2 1.000
-13.2 -4.3 86.9 1.000
-16.0 -5.2 81.1 1.000
-16.9 -5.5 77.2 1.000
-23.9 -7.7 69.9 1.000
-22.0 -7.1 63.6 1.000
-27.1 -8.8 63.6 1.000
-11.4 -3.7 78.2 1.000
-10.5 -3.4 70.9 1.000
-9.6 -3.1 64.1 1.000
2.5 0.8 67.5 1.000
6.1 2.0 60.7 1.000
2.9 0.9 70.4 1.000
16.3 5.3 70.3 1.000
-5.9 -1.9 68.0 1.000
8.5 2.7 75.7 1.000
8.5 2.8 84.9 1.000
6.7 2.2 92.2 1.000
13.6 4.4 98.0 1.000
10.4 3.4 108.7 1.000
19.4 6.3 107.4 1.000
-47.7 -15.5 35.0 452.253
25.1 8.1 97.5 1.000
20.1 6.5 92.2 1.000
27.9 9.0 85.4 1.000
29.7 9.6 76.1 1.000
23.2 7.5 69.3 1.000
27.4 8.9 58.2 1.000
24.1 7.8 60.1 1.000
34.7 11.3 54.3 1.000
24.1 7.8 46.0 1.000
33.3 10.8 43.6 1.000
25.5 8.2 37.3 1.000
14.4 4.7 36.9 1.000
18.1 5.8 26.2 1.000
3.8 1.2 26.2 1.000
13.5 4.4 36.4 1.000
-4.5 -1.5 40.8 1.000
6.5 2.1 37.8 1.000
-0.8 -0.3 37.4 1.000
-5.9 -1.9 48.1 1.000
0.1 0.0 61.2 1.000
11.2 3.6 65.0 1.000
2.0 0.6 73.3 1.000
2.0 0.7 82.0 1.000
7.6 2.5 100.0 1.000
-0.2 -0.1 103.4 1.000
5.8 1.9 114.0 1.000
1.2 0.4 122.3 1.000
-8.1 -2.6 119.4 1.000
-12.2 -4.0 112.6 1.000
-21.9 -7.1 115.1 1.000
-21.5 -7.0 103.4 1.000
-30.7 -10.0 95.2 1.000
-36.7 -11.9 94.7 1.000
-46.0 -14.9 102.0 1.000
-40.4 -13.1 89.9 1.000
-52.0 -16.8 84.1 1.000
-42.3 -13.7 75.8 1.000
-55.3 -17.9 71.0 1.000
-47.9 -15.5 59.8 1.000
-40.9 -13.3 69.0 1.000
-38.2 -12.4 64.2 1.000
-29.4 -9.5 64.6 1.000
-26.6 -8.6 61.7 1.000
-38.7 -12.5 56.9 1.000
-32.7 -10.6 43.3 1.000
-42.9 -13.9 38.9 1.000
-28.1 -9.1 36.0 1.000
-30.4 -9.8 45.7 1.000
-16.1 -5.2 46.6 1.000
-26.7 -8.6 49.1 1.000
-20.6 -6.7 60.2 1.000
-25.7 -8.3 61.2 1.000
-22.9 -7.4 75.3 1.000
-23.8 -7.7 87.9 1.000
-29.3 -9.5 93.7 1.000
-22.4 -7.3 102.9 1.000
-29.8 -9.6 112.2 1.000
-22.4 -7.2 120.9 1.000
-28.8 -9.3 131.6 1.000
-24.6 -8.0 138.4 1.000
-15.4 -5.0 131.1 1.000
-6.6 -2.2 128.6 1.000
4.9 1.6 128.1 1.000
9.1 2.9 133.0 1.000
12.7 4.1 117.9 1.000
24.7 8.0 111.1 1.000
34.4 11.1 110.6 1.000
38.1 12.3 120.3 1.000
-50.7 -16.4 31.7 19.055
42.3 13.7 111.0 1.000
39.9 12.9 101.8 1.000
43.6 14.1 98.4 1.000
38.1 12.3 96.0 1.000
25.6 8.3 106.2 1.000
34.8 11.3 98.0 1.000
18.2 5.9 93.1 1.000
20.5 6.7 107.7 1.000
-50.7 -16.4 32.2 10.191
13.6 4.4 107.7 1.000
-50.3 -16.3 35.5 3.847
12.4 4.0 62.7 1.000
24.2 7.8 83.9 1.000
23.7 7.7 82.4 1.000
-50.7 -16.4 32.2 7.396
32.5 10.5 71.3 1.000
-50.3 -16.3 34.1 7.994
36.6 11.9 71.3 1.000
47.7 15.4 70.3 1.000
43.5 14.1 60.1 1.000
39.8 12.9 56.2 1.000
32.5 10.5 62.0 1.000
31.1 10.1 58.2 1.000
14.0 4.5 79.6 1.000
28.8 9.3 70.8 1.000
32.0 10.4 78.5 1.000
28.4 9.2 89.2 1.000
35.3 11.4 89.2 1.000
-50.3 -16.3 35.1 11.242
34.4 11.1 98.9 2.202
-50.7 -16.4 37.5 11.855
21.2 6.9 116.1 1.000
21.0 6.8 124.7 1.000
17.8 5.8 132.9 1.000
-50.3 -16.3 36.0 18.125
15.1 4.9 145.9 1.000
19.7 6.4 154.3 1.000
5.9 1.9 165.5 1.000
17.0 5.5 169.8 1.000
15.2 4.9 177.6 1.000
11.5 3.7 185.9 1.000
9.2 3.0 191.4 0.879
6.9 2.2 197.0 1.000
3.7 1.2 195.1 1.000
-5.1 -1.7 199.5 1.000
-5.6 -1.8 194.1 1.000
-3.3 -1.1 187.8 1.000
-11.6 -3.8 178.1 1.000
-14.4 -4.7 176.7 1.000
-12.1 -3.9 164.1 1.000
-20.9 -6.8 158.8 1.000
-20.0 -6.5 151.5 1.000
-25.5 -8.3 149.5 1.000
-25.1 -8.1 138.4 1.000
-29.7 -9.6 133.1 1.000
-50.7 -16.4 38.0 5.458
-40.4 -13.1 115.1 1.000
-43.6 -14.1 106.4 1.000
-40.0 -12.9 97.6 1.000
-48.3 -15.6 91.8 1.000
-40.5 -13.1 84.5 1.000
-49.7 -16.1 76.3 1.000
-37.7 -12.2 65.6 1.000
-48.8 -15.8 60.3 1.000
-37.7 -12.2 52.5 1.000
-33.1 -10.7 50.1 1.000
-25.3 -8.2 47.6 1.000
-14.7 -4.7 55.8 1.000
-8.2 -2.7 43.7 1.000
-1.3 -0.4 60.7 1.000
10.8 3.5 62.1 1.000
5.7 1.8 67.9 1.000
25.0 8.1 52.4 1.000
