-11.2 8.4 50.6
-16.8 9.3 55.3
-8.2 11.3 65.9
-8.7 10.7 65.8
-10.3 7.5 75.2
-11.1 11.2 84.5
-6.4 8.2 92.4
-11.6 4.5 92.5
-9.7 13.5 100.9
-12.5 5.2 105.4
-11.9 8.5 112.9
-13.5 3.7 121.7
-6.8 6.0 130.0
-14.0 8.4 133.7
-12.1 9.0 137.9
-9.4 9.9 146.0
-8.1 2.3 154.6
-5.7 6.7 158.5
-7.9 0.5 164.1
-9.5 5.9 168.3
-5.4 2.3 176.9
-9.0 6.0 185.3
-3.4 -3.4 189.5
-1.5 2.1 198.7
-2.5 -3.1 190.9
3.6 1.5 184.6
0.9 -1.4 177.1
-0.9 0.8 170.4
8.5 4.4 163.0
2.5 -2.9 157.7
7.2 -4.4 150.3
5.4 11.9 144.5
12.2 2.7 141.3
4.1 5.7 132.9
11.2 5.7 126.6
11.6 6.9 118.9
10.8 5.4 108.6
15.3 6.9 105.6
12.0 4.8 99.1
10.8 10.9 91.4
4.8 5.4 82.9
10.4 9.8 78.0
10.8 7.9 72.4
7.4 10.3 64.8
8.5 10.2 57.4
5.9 7.7 49.9
10.1 16.8 50.1
2.6 3.0 36.9
3.0 -2.1 27.4
1.7 1.3 25.7
2.8 -5.9 14.6
6.8 -15.0 25.2
-1.8 -19.8 28.3
-2.0 -17.3 37.2
-1.2 -14.9 44.8
8.0 -12.7 49.9
2.9 -9.9 57.6
4.3 -4.9 67.0
6.3 -11.8 76.8
6.2 -6.9 78.8
4.8 -4.8 86.0
4.1 -9.2 91.2
9.4 -5.4 102.6
3.0 1.1 106.0
6.9 -8.5 117.2
7.4 -3.5 119.2
4.4 -6.4 127.7
7.7 -6.9 134.6
-0.8 -8.6 143.0
5.3 -9.7 145.2
-4.1 -8.4 152.4
0.3 -1.7 164.2
2.5 -4.0 169.9
0.4 -4.7 176.3
4.6 -5.0 185.7
2.2 2.3 180.2
1.0 0.7 178.3
-8.3 4.1 171.1
-3.4 11.5 166.2
-4.1 6.5 155.8
-2.7 7.5 149.9
-6.6 13.7 143.6
-1.5 10.2 132.3
-8.4 13.4 129.8
-3.6 18.7 123.8
-3.2 12.0 113.8
-2.3 13.2 108.3
-5.5 17.2 102.0
-5.3 21.3 95.2
-5.9 18.9 87.6
0.4 21.3 78.5
0.1 21.5 76.1
-5.3 19.5 70.5
-14.9 14.2 60.3
-1.4 24.2 52.9
-0.8 18.8 50.8
0.5 20.8 44.2
-2.9 30.3 38.3
5.4 26.8 31.9
7.3 28.7 30.1
18.6 19.5 40.5
18.3 21.4 43.9
14.0 19.4 53.2
6.9 27.7 59.8
18.3 26.6 69.7
12.7 18.7 75.3
14.0 17.2 81.5
16.5 22.4 86.7
16.1 16.4 95.5
17.6 22.3 101.2
9.8 18.4 107.8
7.6 21.2 115.4
7.8 20.3 121.7
11.5 19.4 128.1
9.2 24.5 135.9
1.9 16.9 144.7
4.7 17.2 147.3
0.2 21.1 157.7
6.4 19.4 163.0
-5.7 16.0 167.1
-7.3 12.3 170.9
-13.3 8.2 164.2
-19.1 -1.0 160.6
-9.0 -0.0 167.0
-12.2 -11.2 154.4
1.7 -9.2 159.4
8.4 -18.0 146.7
-10.2 -30.0 152.4
8.0 -24.1 146.6
8.8 -15.9 136.9
6.0 -20.1 130.6
8.7 -23.3 121.6
9.9 -14.5 113.9
7.3 -8.7 111.0
12.7 -15.7 103.4
6.3 -19.9 96.8
16.2 -17.1 90.3
15.4 -19.2 81.3
15.6 -21.4 75.6
10.0 -23.3 66.1
10.3 -26.4 61.7
11.8 -15.9 55.8
13.9 -24.4 47.6
13.0 -13.7 46.7
21.5 -6.7 48.9
18.6 -16.0 42.5
21.6 -6.8 34.0
21.3 -18.2 35.8
22.5 -7.9 31.6
29.7 -8.6 24.0
17.5 -5.4 41.1
29.7 -0.7 41.3
27.3 -0.2 34.3
33.1 5.6 27.8
26.8 6.1 32.7
28.7 9.5 35.2
26.6 6.4 44.5
30.8 14.7 54.1
28.0 -3.9 57.3
30.8 12.4 61.8
29.7 11.5 67.5
29.9 2.6 71.4
30.8 9.8 78.7
33.8 2.1 84.0
27.5 5.2 91.7
33.6 2.4 98.1
23.7 4.8 104.6
27.8 -1.0 110.8
21.6 7.1 117.7
22.7 -0.8 120.7
23.7 3.1 131.8
16.8 -0.0 134.7
20.9 -1.9 143.9
16.5 4.4 150.7
11.5 -2.5 156.3
7.0 -5.3 160.6
4.8 -7.8 168.6
2.8 -8.5 169.2
-11.7 -8.6 160.7
-9.1 0.6 167.4
-20.3 0.0 163.3
-21.5 2.7 157.5
-17.2 7.1 145.1
-21.4 -1.5 142.7
-20.8 -4.9 137.8
-22.1 -2.9 130.1
-23.8 11.8 124.8
-22.6 -11.7 117.8
-22.3 -1.6 111.5
-20.7 -0.0 102.9
-28.6 2.5 94.0
-22.5 2.8 91.2
-25.1 -3.7 82.9
-30.0 0.5 80.9
-23.3 2.5 72.1
-30.5 -3.1 66.0
-29.8 -3.2 62.3
-26.4 4.6 52.7
-23.4 -3.4 50.2
-22.3 -13.5 41.7
-32.2 -19.7 32.4
-21.8 -20.4 38.0
-30.5 -28.7 41.2
-17.4 -36.4 49.8
-35.4 -22.8 55.5
-22.5 -45.3 55.0
-24.9 -36.5 58.9
-20.5 -41.4 69.5
-15.7 -32.5 68.9
-19.8 -37.8 83.9
-17.5 -24.8 93.2
-11.3 -39.2 101.4
-16.1 20.5 97.4
-17.4 -33.4 111.9
-5.5 -21.8 120.7
-8.0 -23.4 130.5
-9.3 -27.8 139.3
-12.0 -14.9 145.3
-9.8 -24.6 153.2
-10.5 -19.4 164.9
-19.8 -11.5 158.7
-14.8 -1.4 155.6
-23.6 0.3 152.9
-13.7 6.9 146.8
-17.6 13.7 147.0
-14.5 15.4 135.4
-4.8 14.2 130.1
-11.3 22.9 124.0
-0.7 23.2 119.8
1.0 33.3 115.4
-1.4 32.8 105.2
-12.7 39.1 106.3
-17.9 33.0 104.1
-23.1 28.8 115.4
-18.4 19.6 110.3
-28.5 18.8 101.6
-25.7 8.4 101.8
-37.6 8.1 100.4
-41.8 5.8 90.3
-29.9 6.7 89.5
-34.1 25.3 72.5
-26.6 12.3 83.5
-21.9 25.8 88.8
-23.6 30.1 80.9
-16.8 22.2 71.9
-17.1 30.4 67.6
-14.4 19.7 61.8
-11.3 30.0 51.6
-13.3 22.1 46.7
-2.4 28.0 45.8
-5.5 35.9 28.7
4.6 40.2 31.4
10.5 29.3 36.4
6.1 28.7 45.5
5.1 38.5 51.4
9.4 31.2 56.6
0.7 40.4 64.1
3.3 39.5 73.9
8.3 30.9 76.5
7.1 24.7 82.8
7.5 31.9 93.7
12.6 22.8 97.7
6.5 21.4 107.5
16.9 21.2 109.7
12.3 23.1 120.5
23.0 17.8 124.5
11.0 21.7 130.3
17.5 16.9 140.5
5.6 21.1 141.9
5.1 12.4 146.3
9.7 9.6 155.8
6.6 15.7 161.9
1.9 9.8 171.4
12.4 5.1 171.7
8.4 -4.4 168.3
12.0 -1.2 159.9
12.4 -14.9 158.9
9.9 -14.4 147.6
21.6 -13.6 148.0
16.2 -17.8 138.6
19.4 -7.7 135.9
17.0 -17.5 130.3
24.4 -1.5 122.0
30.7 -9.0 113.8
31.2 0.4 107.9
40.6 -5.4 108.6
40.1 5.7 102.2
27.9 7.2 100.8
29.4 20.7 96.9
21.7 18.2 93.4
29.7 26.5 90.9
20.7 36.8 87.1
30.3 36.6 79.1
21.7 30.1 74.7
27.5 23.4 68.3
36.0 27.2 62.3
29.0 35.0 54.4
17.4 39.6 55.0
29.2 33.5 47.9
21.6 23.5 49.6
24.2 18.2 37.3
32.6 13.6 35.3
40.7 20.8 36.0
45.0 9.8 37.3
39.9 6.8 46.5
47.6 13.4 53.5
45.0 3.0 60.8
39.7 10.1 68.7
48.9 4.6 72.9
41.0 10.9 80.4
47.7 4.7 89.1
41.8 11.3 95.7
44.7 9.3 104.5
37.7 5.5 104.0
30.1 12.1 110.8
30.0 2.6 115.6
25.8 11.8 123.9
24.2 2.1 129.3
21.9 10.3 138.6
19.5 -0.3 139.4
16.9 4.8 151.7
19.5 -2.1 151.0
13.0 -6.9 158.2
8.7 -14.9 158.2
-2.2 -11.5 159.7
-5.2 -23.8 160.7
-9.2 -17.0 156.7
-18.3 -16.7 150.5
-18.2 -23.1 144.7
-19.0 -15.9 135.5
-23.6 -19.0 127.3
-18.0 -24.3 122.9
-15.8 -30.3 104.2
-28.9 -27.6 109.7
-23.3 -31.9 97.7
-32.8 -34.9 92.6
-27.4 -27.9 81.6
-35.4 -30.0 73.7
-26.7 -25.0 70.6
-38.7 -19.1 63.6
-35.9 -28.8 53.0
-26.1 -16.8 50.6
-23.5 -24.5 59.4
-23.2 -22.6 68.2
-7.2 -17.8 58.5
-23.6 -28.8 55.6
-21.6 -41.4 63.8
-8.6 -41.0 50.2
-13.6 -29.5 52.7
-4.1 -36.6 47.2
-9.6 -27.9 63.2
1.4 -32.4 66.5
2.9 -34.2 75.7
-2.4 -29.5 83.5
12.9 -27.3 89.0
1.2 -30.8 101.0
9.8 -35.4 101.3
7.8 -24.2 92.1
22.0 -24.8 91.3
14.4 -15.5 85.2
24.5 -22.5 79.4
24.8 -22.0 70.4
15.2 -19.8 64.8
18.0 -31.5 60.8
11.0 -24.1 51.4
30.7 -18.0 58.7
27.0 -13.8 49.6
39.6 -10.2 48.8
30.0 -5.0 42.3
32.2 6.3 42.9
44.7 6.6 39.9
39.9 18.2 41.4
50.6 14.3 45.6
42.6 23.7 52.2
47.3 23.0 60.7
46.2 29.4 51.6
38.9 25.9 50.1
30.0 33.8 53.5
23.7 35.7 62.4
24.4 28.0 69.9
16.3 31.9 74.7
20.1 30.8 87.4
11.3 30.1 88.8
13.0 30.3 101.7
5.3 31.6 94.7
-2.0 30.1 105.2
-7.1 27.9 96.9
-15.7 28.2 99.8
-16.8 25.0 88.2
-25.6 25.2 84.6
-31.2 33.7 81.8
-39.8 33.5 88.1
-36.8 27.8 77.5
-41.8 36.1 72.8
-38.2 30.6 64.5
-44.8 39.1 61.8
-40.4 35.4 51.2
-43.2 25.9 58.4
-30.8 30.3 55.0
-29.7 20.9 50.7
-16.9 33.3 57.9
-27.9 39.2 53.8
-23.3 36.2 43.6
-24.2 44.6 38.9
-10.8 44.2 39.7
-10.2 55.8 41.8
-4.0 43.8 39.3
-3.6 47.0 47.5
-15.0 36.6 49.8
-10.6 41.6 57.1
-17.9 33.0 62.0
-11.9 39.7 71.3
-22.1 37.7 80.0
-13.5 36.3 84.8
-21.5 38.7 94.3
-13.2 37.6 100.0
-21.6 39.0 109.8
-14.4 40.4 115.6
-6.4 35.3 113.8
-1.3 40.7 105.5
8.2 32.1 108.6
14.1 33.7 114.7
15.8 31.0 103.0
25.0 30.8 96.4
30.0 20.5 95.2
38.4 22.5 98.0
41.8 11.3 95.7
47.3 8.4 102.8
37.8 3.5 104.0
42.9 -5.0 110.2
35.8 -12.7 107.8
24.5 -15.1 104.0
42.3 -10.5 97.1
19.4 -29.1 96.3
9.3 -32.7 102.9
5.8 -47.9 94.9
1.6 -50.5 103.2
5.2 -53.1 94.6
9.4 -41.9 86.3
15.3 -46.2 78.2
19.7 -37.3 77.6
23.2 -43.1 68.4
27.5 -33.4 66.2
48.4 -25.2 62.5
36.8 -25.4 58.1
51.7 -20.8 66.0
44.3 -23.0 54.4
43.1 -10.1 51.1
33.3 -21.6 54.8
34.9 -6.2 50.2
21.7 -7.0 67.1
29.3 -16.4 65.3
32.0 -21.1 71.8
22.8 -23.0 79.9
30.6 -25.8 86.4
19.9 -31.5 91.7
20.1 -24.8 98.5
18.8 -28.1 107.3
8.6 -33.3 110.4
-13.9 -48.9 116.7
6.2 -28.4 127.8
12.0 -28.0 134.2
6.2 -16.2 141.0
10.4 -24.1 149.8
6.7 -16.7 155.3
11.6 -17.0 164.2
7.5 -16.8 173.6
7.6 -10.4 178.4
3.2 -12.9 184.5
4.4 -3.6 190.7
-1.0 2.6 183.6
-9.4 6.8 185.8
-9.7 12.9 180.4
-7.0 9.8 174.0
-16.6 13.2 166.7
-14.1 18.1 159.6
-19.1 13.5 153.0
-19.1 19.4 142.9
-23.5 12.8 138.8
-25.5 21.1 133.2
-22.3 16.6 125.4
-29.1 22.0 117.7
-38.3 19.6 113.2
-40.6 27.6 104.8
-42.9 22.6 95.4
-33.9 32.7 88.3
-41.6 33.5 82.9
-31.4 30.9 78.3
-32.4 39.7 71.4
-20.1 38.5 69.8
-22.1 46.6 65.5
-9.8 42.6 67.0
-4.6 53.0 66.5
-0.2 44.6 64.2
6.9 49.7 56.7
6.3 42.8 51.1
17.2 38.8 58.4
27.5 39.3 51.5
16.5 38.8 45.7
30.2 41.3 40.7
