227.000000 93.000000 86.000000 0.0
-4.6 11.2 50.9 1.000
-5.5 13.5 53.3 1.000
-5.2 12.7 63.3 1.000
-5.0 12.3 66.3 1.000
-4.1 10.1 75.9 1.000
-5.3 12.9 83.3 1.000
-3.8 9.3 89.4 1.000
-3.1 7.5 91.4 1.000
-6.1 14.9 98.3 1.000
-3.5 8.5 102.9 1.000
-4.5 10.9 112.4 1.000
-3.0 7.3 119.9 1.000
-2.8 6.9 127.9 1.000
-4.8 11.6 131.9 1.000
-4.6 11.2 136.9 1.000
-4.4 10.8 144.9 1.000
-1.8 4.4 151.4 1.000
-3.0 7.2 156.9 1.000
-1.1 2.7 161.5 1.000
-3.2 7.8 165.9 1.000
-1.3 3.3 177.0 1.000
-3.3 8.0 182.4 1.000
0.9 -2.1 189.0 1.000
-0.9 2.1 197.5 1.000
0.7 -1.7 189.0 1.000
0.1 -0.3 185.5 1.000
0.7 -1.8 176.0 1.000
-0.4 0.9 169.0 1.000
-0.2 0.4 164.0 1.000
1.4 -3.4 156.5 1.000
2.9 -7.2 148.6 1.000
-3.7 9.0 148.4 1.000
0.7 -1.7 142.5 1.000
-1.3 3.3 133.0 1.000
-0.4 0.9 127.5 1.000
-0.7 1.7 117.5 1.000
-0.3 0.7 108.0 1.000
-0.3 0.7 106.0 1.000
0.1 -0.3 97.5 1.000
-2.3 5.6 88.9 1.000
-1.3 3.2 80.5 1.000
-2.2 5.4 73.4 1.000
-1.4 3.5 70.5 1.000
-2.7 6.7 61.4 1.000
-2.3 5.7 55.4 1.000
-2.1 5.1 45.9 1.000
-5.1 12.5 47.8 1.000
-0.9 2.2 34.5 1.000
1.2 -2.9 28.0 1.000
-0.3 0.7 26.0 1.000
3.1 -7.6 22.1 1.000
6.1 -15.0 24.7 1.000
6.1 -15.0 24.2 1.000
5.5 -13.5 39.2 1.000
4.7 -11.5 45.6 1.000
5.5 -13.4 48.2 1.000
3.7 -9.1 56.1 1.000
2.6 -6.2 65.1 1.000
5.0 -12.1 76.2 1.000
3.4 -8.4 77.6 1.000
2.3 -5.6 84.6 1.000
4.0 -9.7 89.6 1.000
3.5 -8.6 101.6 1.000
-0.1 0.2 104.0 1.000
4.0 -9.9 115.1 1.000
2.5 -6.1 117.1 1.000
3.0 -7.4 126.6 1.000
3.6 -8.7 136.1 1.000
2.8 -6.8 140.6 1.000
4.3 -10.5 145.1 1.000
2.7 -6.7 152.6 1.000
0.8 -1.9 163.5 1.000
1.9 -4.7 167.1 1.000
1.9 -4.6 174.6 1.000
2.6 -6.3 186.1 1.000
-0.4 1.0 180.5 1.000
-0.0 0.1 179.0 1.000
-2.6 6.4 168.4 1.000
-4.5 11.0 166.9 1.000
-2.8 6.8 154.9 1.000
-2.9 7.1 148.4 1.000
-5.6 13.6 142.8 1.000
-3.8 9.3 132.9 1.000
-5.7 13.9 128.8 1.000
-7.2 17.5 123.8 1.000
-4.5 10.9 113.4 1.000
-5.0 12.3 107.3 1.000
-6.9 16.8 100.8 1.000
-8.2 20.0 93.7 1.000
-7.6 18.5 86.3 1.000
-7.5 18.4 76.8 1.000
-7.9 19.3 74.8 1.000
-7.5 18.3 69.3 1.000
-7.1 17.3 60.3 1.000
-9.1 22.3 50.2 1.000
-7.0 17.2 47.8 1.000
-7.6 18.5 40.3 1.000
-11.7 28.6 34.1 1.000
-9.2 22.5 27.2 1.000
-10.0 24.3 24.2 1.000
-4.7 11.5 32.9 1.000
-5.5 13.4 37.3 1.000
-5.3 13.0 47.8 1.000
-9.3 22.8 52.2 1.000
-7.5 18.3 64.3 1.000
-5.2 12.8 71.8 1.000
-4.5 11.0 79.4 1.000
-6.1 14.8 84.3 1.000
-3.8 9.3 93.9 1.000
-5.9 14.5 99.8 1.000
-5.4 13.2 107.3 1.000
-6.8 16.5 116.3 1.000
-6.2 15.2 121.8 1.000
-5.5 13.4 129.3 1.000
-7.6 18.6 138.8 1.000
-5.8 14.1 146.3 1.000
-5.6 13.7 150.8 1.000
-7.5 18.4 159.3 1.000
-6.0 14.7 164.8 1.000
-6.4 15.7 167.3 1.000
-5.1 12.5 171.3 1.000
-4.5 11.0 161.4 1.000
-1.8 4.4 151.4 1.000
-1.1 2.7 163.5 1.000
2.2 -5.3 153.1 1.000
3.7 -8.9 158.6 1.000
7.5 -18.3 150.2 1.000
8.1 -19.7 148.7 1.000
9.4 -23.0 143.8 1.000
7.0 -17.0 135.7 1.000
8.0 -19.4 128.7 1.000
9.5 -23.2 120.8 1.000
6.5 -15.9 113.7 1.000
3.9 -9.4 114.1 1.000
7.7 -18.8 103.7 1.000
7.9 -19.3 95.2 1.000
8.7 -21.3 88.8 1.000
9.1 -22.3 80.3 1.000
9.9 -24.2 73.3 1.000
9.4 -22.9 67.3 1.000
10.5 -25.7 60.8 1.000
7.1 -17.5 55.2 1.000
10.6 -25.9 44.3 1.000
7.0 -17.1 43.7 1.000
5.7 -13.9 43.7 1.000
8.5 -20.9 39.3 1.000
5.9 -14.5 31.2 1.000
10.1 -24.6 32.3 1.000
6.3 -15.4 26.2 1.000
7.9 -19.3 16.7 1.000
4.6 -11.2 37.1 0.890
5.2 -12.6 32.7 1.000
4.4 -10.8 26.6 1.000
3.1 -7.7 16.6 1.000
1.8 -4.4 23.6 1.000
0.8 -2.0 25.5 1.000
1.7 -4.2 37.1 1.000
-1.0 2.3 45.5 1.000
6.4 -15.6 56.7 0.881
0.1 -0.3 55.0 1.000
0.1 -0.3 61.5 1.000
3.7 -9.0 66.6 1.000
1.2 -2.9 74.5 1.000
4.8 -11.6 80.1 1.000
2.3 -5.5 90.1 1.000
4.7 -11.5 96.6 1.000
1.8 -4.4 104.6 1.000
5.0 -12.2 110.2 1.000
0.8 -2.0 118.5 1.000
3.8 -9.3 121.1 1.000
2.6 -6.4 133.1 1.000
2.8 -6.9 136.1 1.000
3.9 -9.5 144.6 1.000
1.0 -2.5 154.0 1.000
2.7 -6.6 157.6 1.000
3.1 -7.5 159.1 1.000
3.4 -8.4 167.6 1.000
3.4 -8.4 167.1 1.000
1.8 -4.3 160.6 1.000
-1.1 2.7 163.0 1.000
-2.6 6.3 158.9 1.000
-3.7 9.0 152.9 1.000
-4.8 11.7 136.9 1.000
-1.8 4.3 140.9 1.000
-1.0 2.4 135.5 1.000
-1.9 4.6 126.9 1.000
-7.2 17.5 124.3 1.000
0.8 -2.0 114.5 0.837
-2.2 5.3 109.9 1.000
-2.5 6.2 100.9 1.000
-4.6 11.1 89.9 1.000
-3.8 9.3 89.9 1.000
-2.3 5.5 83.4 1.000
-4.0 9.7 81.4 1.000
-3.9 9.6 71.4 1.000
-3.0 7.2 68.4 1.000
-2.9 7.2 63.9 1.000
-5.2 12.6 51.3 1.000
-2.1 5.2 53.4 1.000
1.3 -3.2 44.5 1.000
1.9 -4.7 38.6 1.000
3.6 -8.8 39.6 1.000
5.1 -12.4 47.2 1.000
9.1 -22.1 50.8 1.000
2.4 -5.8 59.1 1.000
11.1 -27.1 60.3 0.849
8.2 -20.1 64.8 1.000
10.5 -25.6 72.3 1.000
7.8 -19.1 76.7 1.000
9.1 -22.2 84.3 1.000
5.5 -13.3 93.7 1.000
11.1 -27.1 100.8 1.000
-9.5 23.2 88.7 1.000
8.0 -19.6 113.2 1.000
7.5 -18.2 113.7 1.000
6.6 -16.2 126.7 1.000
7.9 -19.3 136.7 1.000
3.2 -7.7 144.6 1.000
6.7 -16.4 148.2 1.000
5.1 -12.6 165.7 1.000
1.2 -3.0 149.5 1.000
-1.6 3.9 152.0 1.000
-3.1 7.6 148.4 1.000
-3.9 9.4 145.9 1.000
-6.7 16.4 150.3 1.000
-7.0 17.2 133.8 1.000
-5.5 13.4 129.3 1.000
-9.4 23.1 122.2 1.000
-8.3 20.3 120.7 1.000
-12.1 29.5 115.1 1.000
-12.2 29.8 103.1 1.000
-15.6 38.1 104.5 1.000
-13.7 33.5 103.1 1.000
-12.8 31.3 112.6 1.000
-9.2 22.4 107.7 1.000
-9.5 23.3 101.7 1.000
-6.1 15.0 99.8 1.000
-7.1 17.3 99.3 1.000
-7.0 17.2 89.3 1.000
-6.1 14.8 87.3 1.000
-12.6 30.8 63.6 1.000
-7.0 17.1 86.8 1.000
-11.8 28.7 88.1 1.000
-13.4 32.8 80.1 1.000
-9.8 23.9 70.2 1.000
-13.0 31.7 66.6 1.000
-9.0 21.9 61.7 1.000
-12.2 29.7 49.1 1.000
-9.7 23.6 46.2 1.000
-10.6 25.9 42.7 1.000
-14.1 34.5 24.1 0.960
-14.7 35.9 24.0 1.000
-9.8 23.9 29.7 1.000
-10.0 24.5 41.2 1.000
-14.0 34.3 45.1 1.000
-10.7 26.0 51.2 1.000
-15.2 37.2 60.0 1.000
-14.5 35.5 71.6 1.000
-10.6 25.8 73.2 1.000
-8.1 19.8 77.3 1.000
-11.0 26.9 91.7 1.000
-6.7 16.3 96.3 1.000
-6.9 16.9 106.8 1.000
-5.4 13.2 109.8 1.000
-6.8 16.6 122.3 1.000
-3.0 7.4 128.9 1.000
-6.3 15.3 131.8 1.000
-3.7 9.0 144.4 1.000
-6.9 16.8 144.8 1.000
-3.7 9.0 148.4 1.000
-2.0 4.9 158.9 1.000
-4.5 11.0 165.9 1.000
-3.0 7.4 172.4 1.000
-0.0 0.0 176.0 1.000
2.9 -7.0 169.1 1.000
2.3 -5.7 162.6 1.000
7.3 -17.7 158.2 1.000
6.6 -16.0 147.7 1.000
8.4 -20.6 149.3 1.000
8.7 -21.2 140.3 1.000
5.8 -14.3 135.7 1.000
8.7 -21.3 126.8 1.000
4.6 -11.2 122.1 1.000
8.4 -20.5 113.8 1.000
4.8 -11.8 108.6 1.000
9.2 -22.4 108.3 1.000
4.5 -10.9 101.6 1.000
1.6 -4.0 101.1 1.000
-3.6 8.9 94.4 1.000
-3.6 8.8 91.4 1.000
-5.9 14.4 87.8 1.000
-11.6 28.2 84.6 1.000
-10.4 25.3 74.2 1.000
-8.6 21.1 69.7 1.000
-5.0 12.2 61.8 1.000
-5.4 13.1 53.8 1.000
-9.9 24.1 45.2 1.000
-13.3 32.5 49.6 1.000
-9.1 22.2 37.7 1.000
-5.9 14.3 43.3 1.000
-3.3 8.2 28.4 1.000
-0.1 0.3 24.5 1.000
-2.0 4.9 21.9 1.000
3.5 -8.5 23.1 1.000
4.0 -9.8 37.1 1.000
2.3 -5.6 42.6 1.000
6.4 -15.7 49.2 1.000
2.6 -6.3 62.1 1.000
6.5 -15.9 66.2 1.000
2.5 -6.1 75.6 1.000
6.4 -15.7 86.2 1.000
2.4 -5.9 94.1 1.000
3.9 -9.5 105.6 1.000
4.3 -10.4 104.1 1.000
0.1 -0.2 111.0 1.000
4.0 -9.9 115.6 1.000
-0.4 0.9 127.5 1.000
3.2 -7.9 130.1 1.000
-0.4 1.1 141.5 1.000
3.0 -7.2 145.6 1.000
1.0 -2.5 155.0 1.000
3.9 -9.4 155.1 1.000
4.6 -11.2 160.1 1.000
6.5 -15.9 156.7 1.000
3.7 -8.9 157.6 1.000
7.5 -18.2 154.2 1.000
4.6 -11.3 151.1 1.000
3.0 -7.2 144.6 1.000
5.1 -12.4 137.7 1.000
2.9 -7.0 127.1 1.000
3.1 -7.5 123.1 1.000
5.4 -13.1 118.7 1.000
7.9 -19.3 95.7 0.805
5.1 -12.4 110.3 1.000
7.0 -17.0 96.7 1.000
6.6 -16.2 83.7 1.000
5.1 -12.5 81.7 1.000
4.6 -11.2 77.6 1.000
4.6 -11.2 75.1 1.000
0.9 -2.1 64.0 1.000
4.1 -10.0 58.6 1.000
1.8 -4.5 54.1 1.000
4.5 -10.9 62.6 1.000
4.1 -9.9 69.1 1.000
5.0 -12.3 60.7 1.000
5.8 -14.2 59.2 1.000
9.6 -23.4 64.3 1.000
11.9 -29.0 53.4 1.000
7.5 -18.4 55.7 1.000
11.5 -28.1 50.4 1.000
7.7 -18.7 65.2 1.000
10.9 -26.6 66.3 1.000
11.8 -28.8 75.4 1.000
9.5 -23.2 81.3 1.000
11.7 -28.6 90.9 1.000
10.6 -25.8 100.3 1.000
13.8 -33.6 98.4 1.000
9.8 -24.0 92.8 1.000
12.7 -30.9 90.9 1.000
7.6 -18.5 83.2 1.000
12.0 -29.2 76.9 1.000
12.0 -29.4 66.9 1.000
9.2 -22.5 62.3 1.000
14.1 -34.5 59.9 1.000
9.8 -24.0 52.3 1.000
11.7 -28.6 53.4 1.000
9.3 -22.7 44.3 1.000
10.4 -25.4 42.8 1.000
6.7 -16.3 35.7 1.000
2.9 -7.0 35.1 1.000
4.8 -11.7 26.6 1.000
-0.9 2.2 28.5 1.000
2.7 -6.6 31.6 1.000
-2.8 6.9 41.4 1.000
-1.7 4.2 50.9 1.000
-4.9 12.0 37.3 1.000
-4.5 11.0 37.9 1.000
-9.3 22.7 43.7 1.000
-10.9 26.5 55.2 1.000
-7.5 18.3 64.3 1.000
-10.0 24.4 71.2 1.000
-9.1 22.2 83.7 1.000
-9.9 24.1 86.7 1.000
-9.5 23.3 100.7 1.000
-11.0 26.9 94.7 1.000
-11.1 27.0 105.2 1.000
-11.0 26.9 96.7 1.000
-11.8 28.8 99.1 1.000
-10.8 26.4 87.2 1.000
-11.7 28.6 82.6 1.000
-15.1 37.0 81.5 1.000
-15.7 38.4 87.0 1.000
-13.6 33.2 78.1 1.000
-17.0 41.5 73.0 1.000
-14.9 36.3 65.5 1.000
-18.3 44.6 62.9 1.000
-16.7 40.8 54.0 1.000
-13.7 33.5 60.6 1.000
-14.3 34.8 54.6 1.000
-10.9 26.5 55.2 1.000
-14.1 34.4 55.6 1.000
-17.1 41.8 54.0 1.000
-15.7 38.4 43.5 1.000
-18.9 46.2 38.4 1.000
-17.8 43.4 36.5 1.000
-22.3 54.5 37.3 1.000
-17.0 41.6 35.0 1.000
-18.4 44.9 41.4 1.000
-15.2 37.1 47.5 1.000
-16.7 40.8 54.0 1.000
-14.1 34.4 57.1 1.000
-16.0 39.1 68.5 1.000
-16.1 39.2 78.5 1.000
-14.6 35.6 83.1 1.000
-16.3 39.9 93.0 1.000
-15.2 37.2 100.5 1.000
-16.4 40.0 108.5 1.000
-16.2 39.6 114.5 1.000
-13.6 33.1 113.1 1.000
-15.2 37.2 103.0 1.000
-10.9 26.6 107.2 1.000
-10.7 26.2 114.7 1.000
-9.6 23.3 103.7 1.000
-8.4 20.5 95.7 1.000
-3.3 7.9 92.4 1.000
-2.9 7.1 96.9 1.000
2.4 -5.9 94.1 1.000
4.7 -11.4 105.1 1.000
5.0 -12.3 105.2 1.000
9.6 -23.3 111.3 1.000
10.9 -26.6 107.8 1.000
9.6 -23.4 102.8 1.000
12.3 -29.9 98.9 1.000
13.2 -32.3 95.9 1.000
12.6 -30.8 101.4 1.000
16.4 -40.1 98.5 1.000
16.6 -40.6 101.0 1.000
18.0 -43.9 92.1 1.000
15.7 -38.4 85.5 1.000
18.0 -44.0 77.6 1.000
16.2 -39.5 74.5 1.000
18.7 -45.5 67.1 1.000
16.4 -40.0 63.5 1.000
19.3 -47.0 57.6 1.000
15.9 -38.7 54.0 1.000
17.8 -43.4 56.0 1.000
16.5 -40.2 48.0 1.000
11.4 -27.8 43.8 1.000
13.6 -33.2 51.4 1.000
8.2 -19.9 42.3 1.000
6.0 -14.6 63.7 1.000
10.9 -26.7 59.8 1.000
13.0 -31.7 68.4 1.000
12.0 -29.2 77.4 1.000
14.6 -35.6 84.2 0.935
14.4 -35.1 89.9 1.000
12.1 -29.5 96.6 0.875
13.0 -31.7 105.4 1.000
12.6 -30.8 108.9 1.000
12.9 -31.6 119.4 1.000
10.6 -25.9 125.8 1.000
11.5 -28.2 132.9 1.000
6.4 -15.6 139.2 1.000
10.0 -24.3 148.3 1.000
6.8 -16.7 153.7 0.938
7.8 -19.1 163.7 1.000
7.0 -17.1 171.7 1.000
5.0 -12.3 178.2 0.865
4.7 -11.4 185.6 1.000
2.0 -4.9 190.6 1.000
-1.0 2.4 182.0 1.000
-3.6 8.9 182.4 1.000
-5.7 14.0 178.8 1.000
-4.4 10.7 173.9 1.000
-6.8 16.6 166.3 1.000
-7.9 19.3 158.8 1.000
-6.9 16.9 149.8 1.000
-9.0 21.9 140.7 1.000
-7.2 17.7 136.3 1.000
-10.2 25.0 130.2 1.000
-8.5 20.7 121.2 1.000
-10.9 26.7 115.2 1.000
-10.9 26.6 110.7 1.000
-13.5 33.1 105.1 1.000
-12.5 30.6 94.6 1.000
-15.2 37.0 84.0 1.000
-16.1 39.3 83.5 1.000
-14.4 35.1 79.1 1.000
-17.6 42.9 71.5 1.000
-16.0 39.1 68.5 1.000
-19.4 47.4 64.4 1.000
-17.0 41.4 64.0 1.000
-20.7 50.6 61.9 1.000
-17.0 41.4 62.0 1.000
-18.4 45.0 50.4 1.000
-15.7 38.4 44.5 1.000
-12.9 31.6 52.1 1.000
-11.9 29.1 40.6 1.000
-13.1 31.9 37.1 1.000
-12.6 30.8 28.1 1.000
