240.000000 95.000000 87.000000 0.0
-13.6 34.3 47.3 1.000
-11.2 28.3 56.8 1.000
-11.4 28.8 56.8 1.000
-12.6 31.9 64.1 1.000
-8.4 21.3 67.8 1.000
-11.4 28.8 72.7 1.000
-9.4 23.8 80.7 1.000
-10.3 25.9 89.5 1.000
-4.5 11.3 83.9 0.853
-11.0 27.9 87.0 0.925
-11.3 28.7 93.7 0.908
-7.4 18.7 91.3 0.882
-10.8 27.4 104.4 0.940
-7.8 19.7 108.2 0.994
-9.2 23.2 117.6 0.911
-7.6 19.3 120.0 1.000
-7.2 18.1 128.7 0.933
-6.4 16.1 133.7 0.957
-9.5 24.1 137.1 0.977
-5.5 13.9 143.4 0.984
-5.4 13.6 153.6 0.910
-2.9 7.3 155.4 0.986
-3.9 9.9 164.2 0.944
-2.1 5.4 171.8 0.906
-0.4 1.0 175.2 0.970
0.1 -0.4 174.1 0.853
0.4 -1.0 177.7 0.908
-1.2 3.0 173.2 0.869
0.9 -2.3 159.7 0.943
-0.8 2.0 158.8 0.929
3.3 -8.3 150.8 0.980
0.2 -0.5 146.5 0.938
2.6 -6.5 139.1 0.973
1.0 -2.5 133.6 0.960
2.2 -5.7 127.3 0.966
3.1 -7.8 119.6 0.990
2.7 -6.8 116.0 0.949
4.3 -10.7 106.2 0.954
3.1 -7.7 100.1 0.953
4.5 -11.3 91.3 0.882
5.9 -14.9 84.5 0.863
6.0 -15.2 79.9 0.897
6.1 -15.5 73.2 0.881
8.2 -20.6 70.0 0.949
5.2 -13.2 60.5 0.863
8.7 -22.1 53.5 0.839
9.0 -22.8 47.4 0.834
8.3 -21.1 36.2 1.000
8.9 -22.5 34.6 0.814
8.0 -20.3 27.5 1.000
10.7 -27.1 32.4 0.941
12.1 -30.5 31.7 0.894
12.3 -31.2 39.4 0.935
11.3 -28.6 49.2 0.970
14.6 -36.9 55.6 0.960
12.0 -30.4 62.5 0.938
12.5 -31.6 69.1 0.923
14.2 -36.0 73.0 0.974
14.7 -37.2 82.2 0.895
14.4 -36.4 88.9 0.877
11.1 -28.0 92.8 0.931
9.3 -23.4 100.1 0.897
9.1 -23.1 105.2 0.919
10.7 -27.1 112.8 0.880
7.4 -18.7 118.2 0.895
7.7 -19.5 126.9 0.828
7.9 -20.1 132.0 0.851
4.5 -11.3 141.0 1.000
5.3 -13.3 143.0 0.876
3.2 -8.2 148.8 0.881
5.4 -13.7 157.8 0.805
2.7 -6.7 162.6 0.834
1.6 -4.0 169.4 0.815
2.1 -5.2 177.6 1.000
-0.6 1.4 177.3 0.918
-2.5 6.4 171.3 1.000
-4.6 11.7 169.4 0.886
-4.9 12.3 164.8 0.921
-6.1 15.3 159.8 0.945
-6.5 16.5 151.1 0.879
-6.4 16.2 145.0 0.875
-8.8 22.1 138.5 0.863
-8.5 21.4 130.8 0.821
-8.7 22.0 126.7 0.869
-9.9 25.0 120.2 0.855
-10.7 27.1 114.1 0.853
-12.9 32.5 109.2 0.880
-14.5 36.5 101.6 0.841
-13.6 34.3 96.4 0.861
-13.7 34.5 89.3 0.832
-13.0 32.8 81.5 1.000
-15.5 39.1 78.2 0.854
-13.1 33.2 69.3 1.000
-15.5 39.1 63.3 1.000
-12.2 30.7 55.9 1.000
-14.8 37.4 54.5 0.864
-12.9 32.5 45.2 1.000
-13.1 33.1 40.6 0.814
-15.2 38.5 34.1 0.802
-12.1 30.5 30.2 0.856
-12.6 31.8 35.4 0.865
-15.8 39.8 37.7 0.957
-17.6 44.5 43.0 0.975
-17.4 43.9 45.5 0.939
-15.9 40.3 56.2 0.946
-17.6 44.4 60.4 0.990
-14.3 36.1 66.8 0.980
-15.6 39.4 69.5 0.937
-12.9 32.5 75.9 0.947
-14.5 36.6 82.2 0.954
-12.3 31.2 90.2 0.995
-13.9 35.1 100.1 0.899
-10.7 26.9 103.9 0.953
-11.2 28.2 108.5 0.987
-9.6 24.2 116.6 0.935
-8.0 20.2 122.6 0.935
-8.9 22.4 128.8 0.930
-6.9 17.5 132.2 0.994
-8.4 21.1 140.0 0.949
-7.0 17.7 142.5 0.962
-7.1 17.9 152.2 0.944
-5.0 12.5 157.2 0.971
-6.2 15.6 165.5 0.914
-5.0 12.7 168.4 0.989
-2.5 6.4 171.8 0.945
-2.6 6.6 181.0 0.974
-0.0 0.0 176.2 0.945
4.5 -11.3 174.8 0.830
3.8 -9.6 165.1 0.922
3.4 -8.6 162.1 0.848
3.7 -9.3 154.9 0.878
7.3 -18.5 152.3 0.928
5.6 -14.2 144.0 0.851
6.9 -17.5 141.8 1.000
8.2 -20.6 134.0 1.000
8.8 -22.3 126.8 0.831
9.3 -23.4 116.5 0.938
9.8 -24.8 113.9 0.853
10.1 -25.6 108.7 0.832
8.5 -21.5 97.6 0.960
10.1 -25.5 89.8 0.995
10.3 -25.9 87.7 0.907
10.0 -25.3 82.6 0.884
10.3 -26.0 73.9 0.953
10.6 -26.7 67.2 0.970
11.4 -28.8 56.9 0.922
10.6 -26.9 56.4 0.939
9.7 -24.6 43.2 0.880
6.7 -16.8 37.8 0.896
4.8 -12.0 37.0 0.976
1.0 -2.6 38.8 1.000
1.6 -4.0 37.3 0.969
0.2 -0.5 34.3 0.807
-3.3 8.4 39.2 1.000
-3.4 8.7 44.9 1.000
-3.9 9.9 50.5 1.000
-2.3 5.9 58.6 0.815
-2.6 6.5 69.9 0.947
-5.4 13.7 82.9 0.877
-3.0 7.6 81.2 0.930
-2.7 6.9 88.8 0.971
-2.8 7.2 95.5 0.988
-3.7 9.2 106.3 0.892
-1.4 3.4 109.2 0.970
-3.9 9.8 120.2 0.845
-2.0 4.9 123.6 0.910
-1.1 2.8 130.2 0.895
-1.6 4.0 137.4 0.865
-3.4 8.6 144.7 0.832
-1.5 3.7 149.7 0.858
-1.4 3.5 156.3 0.842
-2.2 5.5 168.2 1.000
-2.4 6.0 168.2 0.845
-1.4 3.4 173.8 0.856
1.1 -2.9 178.7 0.884
-0.7 1.8 181.9 0.953
-2.0 5.1 181.5 0.813
-3.6 9.1 176.0 0.800
-2.7 6.8 172.8 0.868
-5.3 13.4 160.8 0.881
-5.0 12.5 157.2 0.821
-6.1 15.5 153.2 1.000
-5.5 14.0 140.3 0.942
-8.4 21.1 139.5 0.812
-7.1 18.0 131.7 0.857
-6.7 16.9 123.0 0.925
-6.0 15.2 115.8 0.956
-6.5 16.3 109.1 0.971
-6.7 17.0 102.0 1.000
-10.0 25.3 93.6 0.939
-8.4 21.3 85.8 0.894
-7.7 19.5 82.1 0.953
-9.5 23.9 76.6 0.966
-8.8 22.3 68.4 0.909
-11.4 28.8 58.3 0.809
-9.5 24.1 55.1 0.878
-9.2 23.4 47.4 0.835
-12.5 31.6 42.1 0.851
-10.2 25.7 32.1 1.000
-11.2 28.2 29.6 0.841
