0.000000 233.000000 70.000000 0.0
10.2 0.0 47.3 1.000
25.2 0.0 43.3 1.000
18.8 0.0 32.9 1.000
15.6 0.0 29.1 1.000
10.8 0.0 36.6 1.000
12.1 0.0 46.9 1.000
9.3 0.0 44.0 1.000
17.8 0.0 37.6 1.000
14.6 0.0 28.7 1.000
7.2 0.0 26.3 1.000
10.0 0.0 29.1 1.000
5.2 0.0 40.3 1.000
1.9 0.0 40.2 1.000
1.8 0.0 48.6 1.000
4.1 0.0 55.7 1.000
-3.5 0.0 64.5 1.000
6.7 0.0 69.7 1.000
-10.2 0.0 79.3 1.000
1.9 0.0 87.4 1.000
6.0 0.0 89.8 1.000
-7.1 0.0 93.9 1.000
19.9 0.0 99.8 1.000
-7.8 0.0 111.2 1.000
7.1 0.0 122.5 1.000
2.4 0.0 127.2 1.000
1.9 0.0 130.4 1.000
5.9 0.0 141.2 1.000
-0.2 0.0 151.0 1.000
-2.5 0.0 140.7 1.000
4.6 0.0 135.6 1.000
-0.9 0.0 125.7 1.000
4.8 0.0 117.8 1.000
2.5 0.0 111.3 1.000
0.3 0.0 102.4 1.000
16.3 0.0 90.4 1.000
-1.4 0.0 86.5 1.000
1.4 0.0 81.8 1.000
-0.8 0.0 74.3 1.000
0.2 0.0 66.8 1.000
-3.4 0.0 56.0 1.000
-3.8 0.0 51.4 1.000
0.8 0.0 51.4 1.000
-10.8 0.0 48.0 1.000
-4.2 0.0 39.7 1.000
-16.8 0.0 42.8 1.000
-13.4 0.0 29.3 1.000
-25.1 0.0 29.2 1.000
-23.8 0.0 36.2 1.000
-19.7 0.0 46.5 1.000
-26.2 0.0 46.0 1.000
-8.8 0.0 40.1 1.000
-6.1 0.0 48.5 1.000
-15.1 0.0 56.4 1.000
-8.6 0.0 61.1 1.000
-18.9 0.0 65.2 1.000
-10.7 0.0 78.4 1.000
-10.2 0.0 78.9 1.000
-10.3 0.0 90.1 1.000
-7.1 0.0 94.8 1.000
-11.9 0.0 105.5 1.000
-9.2 0.0 113.5 1.000
-9.2 0.0 115.3 1.000
-3.7 0.0 122.4 1.000
-14.9 0.0 126.0 1.000
-9.4 0.0 135.0 1.000
-8.1 0.0 142.0 1.000
-3.0 0.0 149.1 1.000
-12.0 0.0 155.0 1.000
-4.6 0.0 162.1 1.000
-1.4 0.0 168.2 1.000
-6.9 0.0 161.6 1.000
-0.7 0.0 153.3 1.000
-11.0 0.0 149.4 1.000
0.4 0.0 138.4 1.000
-10.4 0.0 135.9 1.000
-1.4 0.0 129.9 1.000
-12.6 0.0 122.8 1.000
-3.1 0.0 110.7 1.000
-9.1 0.0 107.4 1.000
-2.0 0.0 98.6 1.000
-10.8 0.0 93.4 1.000
-14.0 0.0 86.8 1.000
-12.5 0.0 74.6 1.000
-19.9 0.0 67.1 1.000
-21.7 0.0 58.7 1.000
-29.1 0.0 52.0 1.000
-37.0 0.0 46.3 1.000
-34.2 0.0 50.1 1.000
-33.5 0.0 32.8 1.000
-22.8 0.0 37.6 1.000
-26.3 0.0 52.5 1.000
-21.5 0.0 39.0 1.000
-14.9 0.0 38.6 1.000
-20.0 0.0 32.5 1.000
-19.0 0.0 29.2 1.000
-20.8 0.0 22.2 1.000
-15.6 0.0 19.0 1.000
-6.8 0.0 19.6 1.000
-9.7 0.0 28.4 1.000
7.7 0.0 26.3 1.000
-3.8 0.0 44.8 0.910
-2.4 0.0 50.0 1.000
-10.4 0.0 53.6 1.000
-6.7 0.0 57.4 1.000
-16.5 0.0 60.6 1.000
-12.4 0.0 65.8 1.000
-12.9 0.0 73.2 1.000
-15.8 0.0 78.8 1.000
-8.9 0.0 84.5 1.000
-6.1 0.0 86.4 1.000
-8.1 0.0 96.7 1.000
-2.0 0.0 102.3 1.000
-3.5 0.0 109.8 1.000
-2.6 0.0 111.7 1.000
-9.2 0.0 115.3 1.000
-3.2 0.0 125.2 1.000
-13.0 0.0 124.7 1.000
-13.1 0.0 133.1 1.000
-15.5 0.0 138.2 1.000
-17.4 0.0 141.9 1.000
-5.4 0.0 156.0 1.000
-19.0 0.0 156.4 1.000
-15.2 0.0 155.0 1.000
-23.5 0.0 144.6 1.000
-17.9 0.0 140.5 1.000
-22.5 0.0 132.5 1.000
-18.6 0.0 123.2 1.000
-27.9 0.0 119.8 1.000
-20.9 0.0 112.4 1.000
-29.7 0.0 105.3 1.000
-27.3 0.0 100.2 1.000
-27.6 0.0 91.3 1.000
-32.8 0.0 96.9 1.000
-36.9 0.0 82.3 1.000
-31.3 0.0 87.1 1.000
-39.8 0.0 93.0 1.000
-34.3 0.0 100.6 1.000
-27.2 0.0 96.9 1.000
-34.1 0.0 87.0 1.000
-28.9 0.0 81.0 1.000
-37.7 0.0 72.5 1.000
-34.4 0.0 67.4 1.000
-39.6 0.0 73.4 1.000
-45.6 0.0 69.1 1.000
-37.7 0.0 72.0 1.000
-40.0 0.0 65.9 1.000
-49.4 0.0 75.2 1.000
-29.6 0.0 54.6 0.902
-32.3 0.0 47.8 1.000
-26.2 0.0 42.7 1.000
-16.8 0.0 40.5 1.000
-8.9 0.0 41.0 1.000
-2.9 0.0 52.3 1.000
-4.4 0.0 59.3 1.000
-2.6 0.0 63.1 1.000
-5.8 0.0 62.1 1.000
-9.7 0.0 74.7 1.000
-13.4 0.0 76.0 1.000
-18.1 0.0 70.4 1.000
-20.0 0.0 78.8 1.000
-21.4 0.0 75.0 1.000
-27.2 0.0 91.8 1.000
-19.3 0.0 94.7 1.000
-20.3 0.0 103.1 1.000
-21.3 0.0 110.5 1.000
-10.6 0.0 112.5 1.000
-15.8 0.0 119.9 1.000
-7.4 0.0 124.7 1.000
4.7 0.0 126.7 1.000
2.8 0.0 128.6 1.000
2.3 0.0 135.6 1.000
7.8 0.0 143.6 1.000
-3.0 0.0 149.5 1.000
-10.5 0.0 145.2 1.000
-12.0 0.0 156.0 1.000
-16.1 0.0 150.8 1.000
-20.9 0.0 156.3 1.000
-15.2 0.0 155.5 1.000
-21.7 0.0 149.3 1.000
-24.1 0.0 149.8 1.000
-17.4 0.0 138.2 1.000
-23.9 0.0 139.0 1.000
-18.7 0.0 126.9 1.000
-24.2 0.0 121.3 1.000
-13.0 0.0 118.1 1.000
-18.0 0.0 109.6 1.000
-3.5 0.0 109.3 1.000
-7.7 0.0 105.1 1.000
-1.5 0.0 95.8 1.000
-9.4 0.0 88.7 1.000
-2.3 0.0 80.8 1.000
-9.6 0.0 69.1 1.000
-4.4 0.0 60.2 1.000
-14.2 0.0 55.0 1.000
-14.0 0.0 41.4 1.000
-1.3 0.0 36.9 1.000
-6.3 0.0 23.8 1.000
-20.3 0.0 23.1 1.000
-19.1 0.0 36.2 1.000
-9.7 0.0 34.0 1.000
7.2 0.0 24.4 1.000
17.9 0.0 30.1 1.000
10.8 0.0 38.9 1.000
19.5 0.0 50.7 1.000
13.8 0.0 59.0 1.000
10.9 0.0 70.2 1.000
10.4 0.0 71.2 1.000
7.0 0.0 83.7 1.000
13.1 0.0 81.0 1.000
5.6 0.0 89.8 1.000
11.7 0.0 87.1 1.000
3.8 0.0 84.6 1.000
1.9 0.0 80.4 1.000
8.5 0.0 80.5 1.000
7.6 0.0 76.7 1.000
7.5 0.0 83.7 1.000
6.5 0.0 94.0 1.000
2.7 0.0 92.6 1.000
5.2 0.0 82.3 1.000
1.5 0.0 75.7 1.000
4.8 0.0 71.6 1.000
13.2 0.0 74.9 1.000
11.9 0.0 70.2 1.000
11.9 0.0 62.8 1.000
12.8 0.0 65.6 1.000
15.7 0.0 58.1 1.000
18.2 0.0 44.6 1.000
7.8 0.0 52.0 1.000
29.0 0.0 43.3 0.859
8.3 0.0 53.4 1.000
8.4 0.0 42.2 1.000
12.3 0.0 32.4 1.000
13.7 0.0 26.8 1.000
13.2 0.0 37.1 1.000
26.7 0.0 39.1 1.000
20.5 0.0 47.0 1.000
29.8 0.0 48.9 1.000
28.5 0.0 40.0 1.000
20.5 0.0 46.5 1.000
26.2 0.0 42.8 1.000
22.8 0.0 50.3 1.000
27.4 0.0 57.3 1.000
26.4 0.0 67.1 1.000
19.8 0.0 72.2 1.000
13.2 0.0 71.2 1.000
25.5 0.0 64.8 1.000
12.0 0.0 54.3 1.000
20.0 0.0 47.9 1.000
9.3 0.0 44.5 1.000
17.3 0.0 38.5 1.000
4.2 0.0 47.7 1.000
8.0 0.0 39.8 1.000
-2.9 0.0 51.8 1.000
61.7 0.0 45.1 0.920
8.7 0.0 59.0 1.000
9.2 0.0 58.5 1.000
16.1 0.0 70.3 1.000
11.8 0.0 75.8 1.000
12.1 0.0 92.7 1.000
15.9 0.0 82.4 1.000
7.9 0.0 92.6 1.000
21.5 0.0 90.4 1.000
16.7 0.0 94.6 1.000
27.5 0.0 89.1 1.000
14.0 0.0 89.9 1.000
19.1 0.0 94.6 1.000
9.8 0.0 91.7 1.000
20.0 0.0 91.4 1.000
11.6 0.0 98.3 1.000
16.6 0.0 106.7 1.000
17.0 0.0 117.5 1.000
12.8 0.0 113.2 1.000
13.2 0.0 121.7 1.000
13.6 0.0 127.3 1.000
18.3 0.0 122.7 1.000
10.4 0.0 122.1 1.000
16.0 0.0 120.8 1.000
3.7 0.0 128.1 1.000
9.9 0.0 117.0 1.000
-3.1 0.0 109.8 1.000
-10.6 0.0 115.8 1.000
-13.6 0.0 130.3 1.000
-20.4 0.0 116.2 1.000
-27.5 0.0 120.8 1.000
-36.3 0.0 117.4 1.000
-27.8 0.0 110.5 1.000
-33.9 0.0 105.7 1.000
-19.8 0.0 102.6 1.000
-27.2 0.0 94.6 1.000
-19.7 0.0 88.1 1.000
-19.1 0.0 76.0 1.000
-19.5 0.0 77.4 1.000
-9.3 0.0 77.0 1.000
-6.4 0.0 70.0 1.000
-2.1 0.0 66.8 1.000
4.9 0.0 65.5 1.000
-4.0 0.0 66.3 1.000
4.5 0.0 55.7 1.000
10.6 0.0 59.0 1.000
8.6 0.0 66.9 1.000
26.4 0.0 63.9 1.000
13.4 0.0 61.4 1.000
32.3 0.0 79.8 1.000
30.0 0.0 80.7 1.000
22.9 0.0 90.0 1.000
24.8 0.0 101.7 0.883
24.1 0.0 106.4 1.000
27.8 0.0 106.4 1.000
29.1 0.0 114.4 1.000
28.1 0.0 120.0 1.000
28.1 0.0 126.5 1.000
27.5 0.0 137.2 1.000
18.5 0.0 143.7 1.000
25.0 0.0 147.5 1.000
23.6 0.0 150.8 1.000
18.4 0.0 156.8 1.000
11.8 0.0 163.2 1.000
11.7 0.0 166.1 1.000
9.8 0.0 172.6 1.000
9.3 0.0 176.3 1.000
4.1 0.0 184.7 1.000
7.3 0.0 188.4 1.000
3.9 0.0 197.3 1.000
3.5 0.0 197.7 1.000
-1.3 0.0 204.2 1.000
3.4 0.0 206.2 1.000
0.1 0.0 201.4 1.000
0.7 0.0 196.5 0.883
7.3 0.0 189.8 1.000
2.1 0.0 192.1 1.000
1.5 0.0 183.2 0.883
4.6 0.0 183.3 1.000
5.6 0.0 174.9 1.000
3.7 0.0 174.8 1.000
4.8 0.0 164.1 1.000
7.2 0.0 156.4 0.883
8.2 0.0 149.2 1.000
7.3 0.0 146.8 1.000
10.6 0.0 139.9 1.000
10.7 0.0 133.8 1.000
6.6 0.0 123.0 1.000
9.7 0.0 119.3 0.883
7.6 0.0 116.5 1.000
9.2 0.0 102.9 1.000
11.1 0.0 98.7 1.000
15.4 0.0 89.0 1.000
16.4 0.0 86.2 1.000
17.4 0.0 76.4 1.000
22.2 0.0 67.1 1.000
16.2 0.0 60.5 1.000
14.4 0.0 50.6 1.000
21.5 0.0 44.6 1.000
28.5 0.0 42.8 1.000
39.2 0.0 50.0 1.000
38.6 0.0 57.9 1.000
33.5 0.0 61.1 1.000
32.9 0.0 71.4 1.000
29.0 0.0 81.6 1.000
35.0 0.0 92.0 1.000
30.3 0.0 93.3 1.000
29.2 0.0 105.0 1.000
26.4 0.0 105.0 1.000
28.2 0.0 117.2 1.000
30.0 0.0 122.3 1.000
18.7 0.0 132.5 1.000
22.4 0.0 134.4 1.000
16.7 0.0 141.3 1.000
16.1 0.0 150.2 1.000
19.3 0.0 155.9 1.000
20.2 0.0 161.0 1.000
15.0 0.0 165.2 1.000
10.3 0.0 172.6 1.000
8.3 0.0 178.2 1.000
7.9 0.0 177.2 1.000
3.7 0.0 174.4 1.000
0.8 0.0 181.4 1.000
1.8 0.0 175.8 1.000
3.8 0.0 167.8 1.000
4.8 0.0 163.2 1.000
0.7 0.0 154.2 1.000
-1.6 0.0 149.1 1.000
9.6 0.0 145.0 1.000
-3.3 0.0 134.1 1.000
1.8 0.0 130.9 1.000
2.4 0.0 125.3 1.000
-10.1 0.0 115.8 1.000
-3.6 0.0 112.6 1.000
-18.7 0.0 102.2 1.000
-3.4 0.0 100.0 1.000
-0.2 0.0 100.5 1.000
2.3 0.0 86.5 1.000
1.9 0.0 84.2 1.000
-2.2 0.0 76.2 1.000
-3.0 0.0 62.6 1.000
-2.1 0.0 63.5 1.000
-2.6 0.0 63.1 1.000
-2.9 0.0 51.8 1.000
-2.9 0.0 50.9 1.000
-2.4 0.0 45.8 1.000
-7.1 0.0 10.7 1.000
10.3 0.0 44.0 1.000
16.9 0.0 40.4 1.000
20.1 0.0 47.0 1.000
26.5 0.0 51.7 1.000
26.0 0.0 59.6 1.000
32.5 0.0 64.4 1.000
27.2 0.0 78.8 1.000
27.3 0.0 72.3 1.000
39.9 0.0 69.6 1.000
32.7 0.0 86.4 1.000
19.3 0.0 73.1 0.849
24.2 0.0 95.6 1.000
21.8 0.0 101.7 1.000
19.4 0.0 105.8 1.000
22.6 0.0 114.3 1.000
15.0 0.0 121.2 1.000
15.0 0.0 124.0 1.000
16.3 0.0 135.3 1.000
10.2 0.0 137.1 1.000
11.0 0.0 144.5 1.000
11.0 0.0 151.1 1.000
4.4 0.0 157.1 1.000
7.6 0.0 162.7 1.000
1.4 0.0 171.5 1.000
6.9 0.0 178.2 1.000
-4.7 0.0 179.0 1.000
-4.3 0.0 177.1 1.000
-1.5 0.0 178.5 1.000
3.2 0.0 175.8 1.000
6.6 0.0 168.8 1.000
5.7 0.0 162.2 1.000
4.4 0.0 154.8 1.000
9.1 0.0 147.3 1.000
6.4 0.0 144.0 1.000
16.3 0.0 135.3 1.000
8.4 0.0 134.7 1.000
12.2 0.0 125.9 1.000
12.3 0.0 118.4 1.000
13.7 0.0 114.2 1.000
15.7 0.0 107.7 1.000
15.3 0.0 101.6 1.000
13.4 0.0 96.0 1.000
12.1 0.0 90.3 1.000
19.3 0.0 73.1 1.000
16.9 0.0 76.8 1.000
13.2 0.0 75.9 1.000
26.4 0.0 66.7 1.000
11.0 0.0 60.4 1.000
16.6 0.0 60.5 1.000
8.9 0.0 44.0 1.000
24.2 0.0 52.6 1.000
24.7 0.0 52.6 1.000
27.0 0.0 51.2 1.000
25.6 0.0 50.3 1.000
36.0 0.0 43.4 1.000
35.0 0.0 43.8 1.000
41.4 0.0 57.5 1.000
37.7 0.0 53.2 1.000
45.2 0.0 54.2 1.000
34.6 0.0 45.7 1.000
38.2 0.0 52.3 1.000
43.8 0.0 52.4 1.000
33.5 0.0 57.4 1.000
39.2 0.0 49.5 1.000
31.1 0.0 59.7 1.000
29.8 0.0 55.5 1.000
26.4 0.0 68.1 1.000
21.2 0.0 68.9 1.000
23.0 0.0 80.6 1.000
12.7 0.0 77.7 1.000
13.5 0.0 90.4 1.000
12.5 0.0 95.5 1.000
4.0 0.0 106.1 1.000
12.0 0.0 99.2 1.000
19.3 0.0 111.9 1.000
23.5 0.0 112.9 1.000
31.0 0.0 111.6 1.000
30.2 0.0 106.0 1.000
27.0 0.0 96.1 1.000
34.5 0.0 97.6 1.000
28.0 0.0 92.8 1.000
31.8 0.0 87.7 1.000
33.2 0.0 87.8 1.000
27.6 0.0 87.7 1.000
25.2 0.0 93.8 1.000
23.6 0.0 103.6 1.000
32.0 0.0 108.8 1.000
22.1 0.0 113.3 1.000
22.1 0.0 114.3 1.000
15.9 0.0 126.4 1.000
18.2 0.0 132.9 1.000
17.5 0.0 134.8 0.883
17.6 0.0 144.1 1.000
11.5 0.0 145.0 1.000
11.5 0.0 149.7 1.000
2.1 0.0 146.3 1.000
-1.9 0.0 150.0 0.883
-2.0 0.0 141.1 1.000
-1.1 0.0 140.2 1.000
-7.1 0.0 134.5 1.000
