-39.000000 221.000000 85.000000 0.0
-10.7 -1.9 52.3 1.000
-15.9 -2.8 57.4 1.000
-7.2 -1.3 67.9 1.000
-7.7 -1.4 67.9 1.000
-10.2 -1.8 78.3 1.000
-9.4 -1.7 87.7 1.000
-5.8 -1.0 95.8 1.000
-11.4 -2.0 96.2 1.000
-8.8 -1.6 105.2 1.000
-12.1 -2.1 108.5 1.000
-10.4 -1.8 118.4 1.000
-13.3 -2.4 125.9 1.000
-6.1 -1.1 134.6 1.000
-13.1 -2.3 138.7 1.000
-10.4 -1.8 145.4 1.000
-8.2 -1.5 152.5 1.000
-7.9 -1.4 158.6 1.000
-4.7 -0.8 163.4 1.000
-7.8 -1.4 166.8 0.930
-8.6 -1.5 172.8 1.000
-5.0 -0.9 179.5 1.000
-8.2 -1.4 189.6 0.833
-3.8 -0.7 189.9 1.000
-1.2 -0.2 201.3 1.000
-3.3 -0.6 189.9 1.000
3.7 0.7 186.7 1.000
0.6 0.1 178.6 1.000
-1.1 -0.2 172.5 1.000
9.2 1.6 166.0 1.000
1.4 0.3 158.3 1.000
6.7 1.2 152.3 1.000
6.7 1.2 149.0 1.000
11.0 1.9 142.9 1.000
5.1 0.9 137.1 1.000
11.7 2.1 130.2 1.000
12.3 2.2 123.1 1.000
10.6 1.9 114.5 1.000
15.8 2.8 108.5 1.000
12.7 2.2 102.3 1.000
12.3 2.2 95.2 1.000
5.0 0.9 85.1 1.000
11.1 2.0 81.9 1.000
11.3 2.0 75.3 1.000
9.1 1.6 66.3 1.000
10.1 1.8 59.2 1.000
6.6 1.2 51.6 1.000
10.8 1.9 47.9 1.000
2.1 0.4 38.8 1.000
2.3 0.4 27.0 1.000
1.4 0.2 26.5 1.000
2.2 0.4 9.0 1.000
3.2 0.6 30.3 1.000
-5.8 -1.0 38.6 1.000
-4.9 -0.9 40.1 1.000
-4.6 -0.8 49.1 1.000
4.6 0.8 54.4 1.000
0.3 0.1 60.5 1.000
2.5 0.4 70.9 1.000
3.3 0.6 79.9 1.000
4.6 0.8 82.3 1.000
3.1 0.5 88.9 1.000
1.6 0.3 94.5 1.000
7.5 1.3 105.0 1.000
1.8 0.3 108.7 1.000
4.5 0.8 119.2 1.000
6.7 1.2 121.6 1.000
3.3 0.6 129.5 1.000
5.6 1.0 135.7 1.000
-2.9 -0.5 142.2 1.000
3.6 0.6 144.2 1.000
-5.4 -1.0 152.5 1.000
-0.1 -0.0 165.4 1.000
1.2 0.2 172.0 1.000
0.2 0.0 175.8 1.000
3.8 0.7 184.8 1.000
2.4 0.4 182.9 1.000
1.1 0.2 179.1 1.000
-8.1 -1.4 173.7 1.000
-1.6 -0.3 172.9 1.000
-3.2 -0.6 160.1 1.000
-1.8 -0.3 155.4 1.000
-4.5 -0.8 150.2 1.000
-0.1 -0.0 137.5 1.000
-6.5 -1.2 136.0 1.000
-1.3 -0.2 131.3 1.000
-1.6 -0.3 118.6 1.000
-0.6 -0.1 112.9 1.000
-3.2 -0.6 106.7 1.000
-2.2 -0.4 100.1 1.000
-3.4 -0.6 91.1 1.000
4.2 0.7 81.8 1.000
3.3 0.6 79.0 1.000
-2.7 -0.5 72.7 1.000
-14.5 -2.6 59.3 1.000
2.4 0.4 52.0 1.000
1.9 0.3 50.6 1.000
4.4 0.8 42.6 1.000
1.7 0.3 34.1 1.000
10.2 1.8 28.5 1.000
12.6 2.2 25.3 1.000
22.6 4.0 39.6 1.000
23.5 4.1 42.0 1.000
17.7 3.1 53.2 1.000
14.3 2.5 62.2 1.000
24.4 4.3 71.3 1.000
15.9 2.8 77.8 1.000
16.7 2.9 84.4 1.000
21.7 3.8 89.2 1.000
18.8 3.3 99.6 1.000
21.9 3.9 105.8 1.000
12.9 2.3 112.7 1.000
11.4 2.0 121.6 1.000
11.7 2.1 128.3 1.000
14.9 2.6 135.2 0.882
15.2 2.7 145.3 1.000
4.8 0.9 151.8 1.000
7.7 1.4 153.9 0.812
4.1 0.7 167.3 1.000
10.0 1.8 172.7 1.000
-3.3 -0.6 175.2 0.882
-5.4 -1.0 179.0 1.000
-12.3 -2.2 170.4 1.000
-18.2 -3.2 166.0 1.000
-8.0 -1.4 167.1 1.000
-13.0 -2.3 157.6 1.000
0.0 0.0 159.7 1.000
4.8 0.8 139.0 1.000
-14.6 -2.6 143.4 1.000
2.2 0.4 142.3 1.000
5.1 0.9 135.7 1.000
2.4 0.4 129.5 1.000
3.5 0.6 121.5 1.000
5.9 1.0 114.9 1.000
3.6 0.6 112.1 1.000
8.4 1.5 105.1 1.000
2.5 0.4 98.8 1.000
11.4 2.0 92.3 1.000
10.2 1.8 83.8 1.000
9.8 1.7 79.1 1.000
3.9 0.7 72.8 1.000
4.0 0.7 67.2 1.000
6.9 1.2 60.6 1.000
7.9 1.4 54.0 1.000
8.9 1.6 52.1 1.000
18.2 3.2 52.8 1.000
13.6 2.4 48.0 1.000
18.9 3.3 35.3 1.000
15.6 2.7 41.9 1.000
18.9 3.3 35.8 1.000
25.1 4.4 28.8 1.000
15.0 2.7 44.7 1.000
27.1 4.8 45.8 1.000
25.9 4.6 36.8 1.000
32.5 5.7 29.9 1.000
26.9 4.7 34.5 1.000
30.1 5.3 36.4 1.000
26.7 4.7 46.3 1.000
33.5 5.9 56.4 1.000
27.4 4.8 59.1 1.000
32.4 5.7 63.9 1.000
30.9 5.5 70.0 1.000
28.5 5.0 74.2 1.000
31.6 5.6 81.4 1.000
32.5 5.7 87.1 1.000
26.7 4.7 94.5 1.000
32.7 5.8 100.8 1.000
22.8 4.0 108.1 1.000
26.4 4.7 113.9 1.000
22.1 3.9 121.4 1.000
20.7 3.7 122.3 1.000
22.8 4.0 134.6 1.000
15.8 2.8 137.8 1.000
17.9 3.2 146.3 1.000
16.9 3.0 153.4 1.000
10.3 1.8 157.1 1.000
5.6 1.0 161.2 1.000
2.7 0.5 166.9 1.000
0.8 0.1 168.7 1.000
-12.6 -2.2 164.7 1.000
-8.1 -1.4 173.3 1.000
-20.1 -3.5 166.9 1.000
-20.9 -3.7 161.7 1.000
-16.6 -2.9 154.2 1.000
-22.1 -3.9 148.9 1.000
-21.0 -3.7 139.5 1.000
-21.9 -3.9 133.8 1.000
-23.7 -4.2 130.0 1.000
-23.5 -4.1 119.1 1.000
-22.5 -4.0 114.4 1.000
-20.9 -3.7 106.4 1.000
-29.2 -5.1 98.7 1.000
-22.1 -3.9 94.6 1.000
-26.6 -4.7 87.9 1.000
-29.8 -5.3 84.0 1.000
-23.6 -4.2 75.2 1.000
-30.5 -5.4 70.3 1.000
-30.5 -5.4 65.6 1.000
-27.0 -4.8 56.2 1.000
-24.2 -4.3 53.9 1.000
-23.1 -4.1 44.9 1.000
-32.7 -5.8 36.3 1.000
-22.6 -4.0 44.5 1.000
-30.1 -5.3 45.3 1.000
-20.5 -3.6 57.8 1.000
-36.4 -6.4 58.4 1.000
-25.2 -4.5 60.0 1.000
-27.7 -4.9 66.6 1.000
-23.6 -4.2 74.2 1.000
-20.9 -3.7 78.5 1.000
-22.9 -4.0 87.0 1.000
-20.3 -3.6 96.5 1.000
-14.8 -2.6 102.3 1.000
-18.6 -3.3 105.0 1.000
-21.0 -3.7 109.3 1.000
-11.7 -2.1 137.8 1.000
-11.1 -2.0 129.3 1.000
-12.2 -2.1 138.2 1.000
-14.1 -2.5 144.8 1.000
-12.8 -2.3 149.6 1.000
-13.1 -2.3 164.2 1.000
-20.9 -3.7 159.3 1.000
-15.3 -2.7 157.6 1.000
-23.2 -4.1 156.9 1.000
-12.9 -2.3 152.4 1.000
-16.6 -2.9 152.8 1.000
-12.7 -2.2 142.9 1.000
-1.9 -0.3 137.5 1.000
-8.3 -1.5 132.2 1.000
3.4 0.6 127.2 1.000
7.6 1.3 124.9 1.000
4.1 0.7 113.0 1.000
-6.7 -1.2 115.7 1.000
-14.5 -2.6 111.3 1.000
-20.7 -3.7 122.5 1.000
-16.9 -3.0 115.0 1.000
-27.9 -4.9 107.2 1.000
-25.6 -4.5 106.3 1.000
-38.1 -6.7 104.7 1.000
-42.6 -7.5 93.7 1.000
-30.0 -5.3 93.0 1.000
-34.5 -6.1 83.0 1.000
-26.2 -4.6 86.5 1.000
-20.2 -3.6 91.8 1.000
-21.5 -3.8 83.3 1.000
-14.8 -2.6 73.9 1.000
-14.2 -2.5 68.3 1.000
-13.6 -2.4 60.2 1.000
-7.4 -1.3 49.0 1.000
-11.0 -1.9 45.2 1.000
2.0 0.4 43.5 1.000
0.1 0.0 20.8 0.860
13.1 2.3 23.4 1.000
16.7 2.9 32.0 1.000
11.4 2.0 42.3 1.000
13.6 2.4 48.4 1.000
15.8 2.8 55.6 1.000
7.7 1.4 63.5 1.000
11.3 2.0 74.9 1.000
14.5 2.6 78.7 1.000
12.4 2.2 88.1 1.000
13.6 2.4 99.5 1.000
17.8 3.1 101.4 1.000
10.6 1.9 113.1 1.000
21.3 3.8 115.2 1.000
17.3 3.1 127.4 1.000
26.6 4.7 130.4 1.000
16.2 2.9 138.3 1.000
20.7 3.7 146.9 1.000
10.0 1.8 150.0 1.000
7.1 1.3 152.8 1.000
11.2 2.0 161.3 1.000
9.6 1.7 170.3 1.000
4.4 0.8 176.3 1.000
12.8 2.3 174.1 1.000
6.9 1.2 168.3 1.000
11.2 2.0 160.4 1.000
8.5 1.5 156.1 1.000
6.3 1.1 145.7 1.000
17.0 3.0 146.3 1.000
10.7 1.9 134.4 1.000
15.8 2.8 137.8 1.000
10.3 1.8 132.0 1.000
22.5 4.0 124.7 1.000
25.9 4.6 115.3 1.000
28.8 5.1 110.1 1.000
36.7 6.5 110.8 1.000
39.1 6.9 105.1 1.000
28.0 4.9 103.5 1.000
33.1 5.8 101.7 1.000
25.8 4.5 96.9 1.000
36.5 6.4 95.2 1.000
30.1 5.3 90.3 1.000
40.0 7.1 82.0 1.000
28.9 5.1 76.6 1.000
33.2 5.9 70.1 1.000
43.1 7.6 63.1 1.000
38.6 6.8 52.7 1.000
26.5 4.7 52.5 1.000
39.2 6.9 45.1 1.000
27.5 4.9 48.7 1.000
27.8 4.9 36.4 1.000
34.7 6.1 35.6 1.000
45.0 7.9 35.3 1.000
44.9 7.9 39.5 1.000
40.1 7.1 48.0 1.000
47.9 8.5 55.2 1.000
42.6 7.5 66.4 1.000
40.2 7.1 71.1 1.000
46.6 8.2 76.0 1.000
41.8 7.4 83.4 1.000
46.3 8.2 92.0 1.000
42.5 7.5 99.0 1.000
45.1 8.0 107.1 1.000
36.8 6.5 107.0 1.000
31.5 5.6 114.9 1.000
29.6 5.2 118.7 1.000
28.0 4.9 128.1 1.000
23.8 4.2 132.3 1.000
23.1 4.1 142.6 1.000
18.1 3.2 135.5 1.000
17.8 3.1 154.8 1.000
17.8 3.1 152.5 1.000
10.8 1.9 157.5 1.000
4.8 0.8 155.1 1.000
-4.1 -0.7 158.2 1.000
-7.8 -1.4 157.2 1.000
-10.6 -1.9 156.7 1.000
-19.8 -3.5 149.4 1.000
-19.7 -3.5 141.9 1.000
-19.6 -3.5 137.2 1.000
-25.0 -4.4 127.6 1.000
-20.3 -3.6 123.0 1.000
-17.7 -3.1 108.8 1.000
-30.3 -5.3 109.1 1.000
-25.5 -4.5 99.2 1.000
-33.8 -6.0 100.0 1.000
-28.5 -5.0 86.9 1.000
-35.8 -6.3 79.2 1.000
-28.3 -5.0 74.2 1.000
-39.3 -6.9 68.3 1.000
-36.8 -6.5 57.9 1.000
-27.0 -4.8 57.2 1.000
-25.8 -4.5 63.3 1.000
-24.5 -4.3 72.3 1.000
-8.9 -1.6 59.9 0.993
-25.7 -4.5 61.4 1.000
-26.4 -4.7 75.1 1.000
-13.6 -2.4 57.4 0.899
-16.8 -3.0 58.3 1.000
-9.3 -1.6 54.6 1.000
-13.3 -2.3 68.3 1.000
-4.5 -0.8 72.2 1.000
-3.2 -0.6 79.3 1.000
-6.6 -1.2 86.4 1.000
7.8 1.4 87.3 0.882
-4.1 -0.7 102.0 1.000
2.4 0.4 103.1 1.000
3.0 0.5 95.5 1.000
14.7 2.6 93.3 1.000
9.6 1.7 88.5 1.000
17.2 3.0 82.5 1.000
18.3 3.2 74.0 1.000
9.5 1.7 69.2 1.000
10.0 1.8 66.3 1.000
4.6 0.8 54.0 1.000
24.0 4.2 63.3 0.911
21.4 3.8 54.3 1.000
33.0 5.8 53.5 1.000
26.7 4.7 45.4 1.000
31.8 5.6 45.0 1.000
43.5 7.7 42.8 1.000
43.5 7.7 41.9 1.000
52.2 9.2 47.2 1.000
48.4 8.5 51.9 1.000
52.9 9.3 61.4 1.000
54.5 9.6 52.0 1.000
45.2 8.0 50.4 1.000
38.6 6.8 52.2 1.000
32.9 5.8 62.0 1.000
30.4 5.4 71.4 1.000
23.8 4.2 76.0 1.000
27.3 4.8 91.7 1.000
17.5 3.1 92.5 1.000
20.5 3.6 108.1 1.000
12.2 2.2 99.4 1.000
3.2 0.6 112.5 1.000
-3.2 -0.6 102.5 1.000
-12.5 -2.2 105.2 1.000
-14.1 -2.5 91.4 1.000
-24.3 -4.3 88.4 1.000
-30.3 -5.4 85.0 1.000
-40.7 -7.2 92.8 1.000
-37.2 -6.6 80.1 1.000
-43.2 -7.6 73.9 1.000
-38.8 -6.8 64.0 1.000
-47.1 -8.3 60.6 1.000
-41.3 -7.3 46.5 1.000
-44.7 -7.9 57.8 1.000
-30.2 -5.3 53.8 1.000
-29.7 -5.2 50.0 1.000
-13.5 -2.4 56.0 1.000
-26.0 -4.6 49.6 1.000
-20.7 -3.6 37.9 1.000
-21.0 -3.7 29.9 1.000
-4.7 -0.8 31.6 1.000
-1.5 -0.3 30.2 1.000
3.6 0.6 31.3 1.000
4.4 0.8 42.1 1.000
-11.0 -1.9 46.1 1.000
-5.1 -0.9 54.2 1.000
-14.6 -2.6 64.0 1.000
-6.8 -1.2 72.6 1.000
-19.1 -3.4 82.4 1.000
-9.0 -1.6 88.7 1.000
-18.5 -3.3 100.8 1.000
-8.4 -1.5 107.1 1.000
-18.4 -3.2 119.7 1.000
-9.2 -1.6 126.5 1.000
-0.7 -0.1 123.3 1.000
5.9 1.0 115.9 1.000
14.7 2.6 116.5 1.000
23.0 4.1 123.3 1.000
23.7 4.2 108.6 1.000
32.7 5.8 101.7 1.000
35.0 6.2 99.9 1.000
43.3 7.6 103.3 1.000
42.5 7.5 99.0 1.000
46.6 8.2 105.7 1.000
36.8 6.5 107.0 1.000
38.1 6.7 112.2 1.000
29.8 5.3 108.3 1.000
19.1 3.4 105.2 1.000
39.8 7.0 93.8 0.805
11.3 2.0 98.0 1.000
2.4 0.4 104.0 1.000
-3.6 -0.6 98.2 1.000
-6.4 -1.1 102.9 1.000
-4.5 -0.8 96.8 1.000
1.3 0.2 88.9 1.000
5.1 0.9 81.8 1.000
10.7 1.9 82.4 1.000
11.8 2.1 73.5 1.000
17.4 3.1 71.2 1.000
39.8 7.0 65.9 0.831
27.3 4.8 63.3 1.000
41.6 7.3 72.6 1.000
33.9 6.0 59.7 1.000
37.2 6.6 55.5 1.000
25.5 4.5 58.6 1.000
30.7 5.4 54.4 1.000
18.3 3.2 70.7 1.000
23.5 4.1 69.9 1.000
23.8 4.2 75.1 1.000
16.2 2.9 83.0 1.000
22.2 3.9 88.8 1.000
12.3 2.2 93.3 1.000
13.6 2.4 99.0 1.000
11.2 2.0 107.9 1.000
1.8 0.3 109.7 1.000
-20.5 -3.6 109.7 1.000
0.6 0.1 125.7 1.000
5.6 1.0 131.0 1.000
1.8 0.3 138.5 1.000
4.9 0.9 145.6 1.000
2.9 0.5 152.7 1.000
7.5 1.3 160.3 1.000
3.6 0.6 168.8 1.000
5.8 1.0 176.4 1.000
0.2 0.0 175.8 1.000
3.5 0.6 189.8 0.833
-0.9 -0.2 186.4 0.882
-8.4 -1.5 190.8 1.000
-7.9 -1.4 189.3 1.000
-5.4 -1.0 179.5 1.000
-15.1 -2.7 174.6 1.000
-11.8 -2.1 169.9 1.000
-17.7 -3.1 160.8 1.000
-17.1 -3.0 151.8 1.000
-22.1 -3.9 146.1 1.000
-24.3 -4.3 142.7 1.000
-21.4 -3.8 132.4 1.000
-28.2 -5.0 125.7 1.000
-38.8 -6.9 120.3 1.000
-41.5 -7.3 111.7 1.000
-44.1 -7.8 100.3 1.000
-33.7 -6.0 94.4 1.000
-42.9 -7.6 86.2 1.000
-30.7 -5.4 80.7 1.000
-31.5 -5.6 71.3 1.000
-16.6 -2.9 70.1 1.000
-18.3 -3.2 64.4 1.000
-3.9 -0.7 66.6 1.000
4.9 0.9 65.3 1.000
7.8 1.4 63.0 1.000
19.1 3.4 52.3 1.000
15.5 2.7 47.1 1.000
26.5 4.7 56.7 1.000
39.6 7.0 49.4 1.000
25.8 4.6 41.6 1.000
42.2 7.4 35.2 1.000
