31.0 88.7 0
24.9 78.2 0
19.8 72.1 0
24.8 68.7 0
16.0 62.2 0
20.7 51.5 0
14.9 45.1 0
16.7 35.8 0
13.4 30.3 0
16.8 21.9 0
12.0 15.6 0
14.8 6.9 0
-2.1 -9.7 0
10.5 -0.5 0
19.1 9.4 0
13.0 13.0 0
24.6 22.0 0
13.4 30.3 0
21.0 34.4 0
20.4 49.4 0
20.3 53.0 0
14.6 56.8 0
16.0 62.2 0
16.1 71.2 0
20.2 79.4 0
19.6 78.8 0
24.9 69.3 0
21.5 62.1 0
20.8 52.2 0
21.8 50.6 0
23.9 42.2 0
21.2 31.2 0
22.9 29.4 0
22.7 16.8 0
14.8 6.9 0
23.1 4.5 0
23.4 -4.9 0
23.2 5.3 0
24.0 11.7 0
24.6 22.0 0
24.7 22.8 0
21.9 31.1 0
25.2 42.0 0
21.2 50.7 0
34.8 58.8 0
21.5 62.1 0
26.1 69.2 0
19.6 78.8 0
27.7 81.2 0
22.9 90.3 0
38.7 87.8 0
33.6 80.5 0
22.9 77.1 0
35.1 67.3 0
32.8 58.4 0
23.1 50.4 0
31.1 43.3 0
34.4 38.2 0
22.9 29.4 0
34.4 20.3 0
33.7 20.4 0
33.0 7.5 0
24.0 -5.0 0
36.1 -1.5 0
32.9 6.7 0
35.3 16.9 0
34.4 20.3 0
32.9 30.8 0
42.7 43.0 0
34.2 42.8 0
34.0 52.4 0
36.0 58.7 0
33.8 66.8 0
37.5 71.8 0
27.7 81.2 0
45.8 79.7 0
37.5 71.8 0
42.5 66.3 0
44.1 56.8 0
33.3 51.1 0
45.7 47.0 0
39.7 32.8 0
52.2 31.4 0
35.3 16.9 0
42.9 11.4 0
35.4 -1.4 0
43.7 -2.2 0
52.8 -3.1 0
42.8 10.6 0
40.9 19.1 0
44.9 25.6 0
44.8 31.1 0
43.4 37.5 0
45.7 47.0 0
45.4 50.8 0
53.2 57.7 0
51.8 70.7 0
45.4 70.1 0
45.2 79.8 0
47.6 85.5 0
53.6 76.7 0
51.8 70.7 0
48.2 59.1 0
48.8 52.5 0
45.7 47.0 0
52.7 36.8 0
52.2 30.7 0
42.3 18.9 0
54.1 13.4 0
46.0 -0.1 0
53.5 -2.4 0
61.1 -5.7 0
54.1 12.6 0
54.1 12.6 0
62.2 28.2 0
52.2 30.7 0
53.0 40.6 0
63.4 44.3 0
53.8 56.9 0
56.3 63.0 0
51.9 71.4 0
53.0 76.8 0
52.1 87.7 0
59.7 89.5 0
66.7 90.7 0
63.2 85.8 0
62.8 72.1 0
65.5 65.4 0
62.3 57.1 0
70.8 55.2 0
64.6 42.6 0
63.3 43.6 0
62.2 28.2 0
64.2 18.2 0
54.1 12.6 0
63.9 3.2 0
61.9 -5.0 0
65.3 3.0 0
54.6 10.9 0
64.2 17.4 0
64.7 34.9 0
64.7 34.9 0
63.4 45.1 0
53.8 56.9 0
65.5 55.2 0
64.2 65.5 0
62.8 72.1 0
62.6 78.3 0
63.3 86.4 0
59.8 90.1 0
73.8 92.6 0
72.6 84.0 0
80.5 72.7 0
64.9 66.2 0
74.7 63.4 0
70.7 53.7 0
83.0 55.7 0
81.6 40.8 0
62.7 35.2 0
62.9 28.9 0
70.4 16.3 0
72.0 6.8 0
74.6 0.3 0
75.8 -3.4 0
75.2 -0.7 0
76.0 14.4 0
72.8 20.7 0
83.8 27.8 0
73.6 33.4 0
73.4 42.0 0
82.9 54.2 0
63.0 57.0 0
83.0 69.6 0
75.6 67.6 0
80.7 76.2 0
86.4 71.3 0
84.6 61.4 0
83.6 54.9 0
86.8 48.4 0
82.4 42.2 0
85.4 31.5 0
83.8 27.8 0
72.8 20.7 0
82.2 7.4 0
81.8 -0.2 0
85.4 -3.5 0
82.6 -0.4 0
85.3 12.8 0
85.4 14.4 0
83.8 28.6 0
86.1 30.6 0
82.3 41.4 0
86.8 47.7 0
83.0 55.7 0
86.0 61.2 0
84.3 69.4 0
86.4 72.0 0
86.3 83.9 0
83.2 86.9 0
83.6 96.2 0
73.2 81.9 0
81.3 76.1 0
81.1 72.6 0
85.3 61.3 0
85.8 58.3 0
86.1 47.8 0
91.5 43.9 0
85.5 33.1 0
91.7 28.9 0
89.3 20.4 0
85.3 12.8 0
103.6 1.7 0
84.7 -3.4 0
93.7 0.1 0
104.3 1.6 0
102.3 14.8 0
91.7 28.9 0
93.1 28.7 0
90.6 37.8 0
90.8 43.2 0
92.6 54.4 0
92.6 54.4 0
90.9 66.4 0
93.8 71.1 0
86.3 83.9 0
90.9 67.1 0
105.4 68.2 0
99.7 60.1 0
108.8 61.2 0
116.5 54.1 0
92.2 43.0 0
102.6 32.0 0
105.4 25.0 0
101.5 14.9 0
104.5 12.7 0
103.4 -6.1 0
103.4 -6.1 0
107.3 1.0 0
104.5 12.7 0
106.8 16.5 0
105.4 25.9 0
107.0 30.5 0
105.7 41.8 0
114.4 43.7 0
103.8 55.9 0
109.5 60.3 0
104.7 69.0 0
118.6 78.1 0
107.6 81.5 0
112.5 89.3 0
128.4 79.9 0
119.3 78.8 0
127.9 66.9 0
119.4 61.3 0
116.5 54.1 0
125.2 53.0 0
114.4 42.9 0
113.6 33.5 0
116.5 24.0 0
116.5 14.9 0
104.5 12.7 0
105.8 1.3 0
121.2 -3.3 0
114.2 5.0 0
114.3 11.9 0
116.5 24.0 0
116.5 24.9 0
124.7 34.2 0
114.4 42.9 0
120.2 48.3 0
118.7 61.4 0
114.4 65.6 0
121.4 75.0 0
117.9 78.9 0
124.9 83.1 0
118.6 78.1 0
127.9 66.9 0
118.7 61.4 0
125.2 53.0 0
125.2 53.0 0
115.8 43.4 0
125.4 34.9 0
116.5 24.9 0
125.6 18.4 0
122.6 13.8 0
123.5 4.2 0
121.2 -3.3 0
124.3 4.0 0
135.1 8.2 0
122.6 13.8 0
134.0 21.2 0
125.5 34.1 0
129.2 35.1 0
125.3 43.6 0
125.2 53.0 0
134.0 53.3 0
135.1 68.2 0
121.4 75.0 0
124.2 82.5 0
135.4 85.5 0
138.6 73.7 0
138.1 63.4 0
137.4 64.2 0
136.3 51.5 0
135.7 46.1 0
135.8 41.3 0
136.0 32.4 0
143.2 23.9 0
133.4 15.4 0
136.6 11.4 0
136.8 2.7 0
132.2 -1.8 0
136.8 2.7 0
144.6 7.4 0
134.9 15.1 0
134.8 21.1 0
135.4 26.8 0
145.9 35.0 0
135.7 44.5 0
135.7 46.1 0
138.4 54.3 0
138.1 64.2 0
134.4 69.1 0
138.5 75.2 0
148.2 68.9 0
145.4 65.5 0
138.1 64.2 0
146.1 48.6 0
146.9 46.9 0
145.9 35.0 0
146.9 29.1 0
143.2 23.9 0
146.0 13.3 0
143.6 11.9 0
135.8 12.4 0
154.8 -4.2 0
136.8 1.8 0
144.5 10.9 0
145.1 16.0 0
144.8 23.6 0
146.9 29.1 0
145.9 35.0 0
146.4 40.6 0
146.1 48.6 0
147.2 59.2 0
156.2 59.6 0
154.7 71.8 0
146.7 69.8 0
152.0 82.3 0
145.5 82.3 0
155.8 79.0 0
155.2 77.7 0
162.5 67.2 0
156.9 59.5 0
147.9 59.1 0
157.7 45.4 0
145.9 35.0 0
154.3 37.8 0
156.4 26.0 0
156.5 25.1 0
156.1 16.7 0
155.8 7.2 0
153.0 -1.1 0
156.4 -4.5 0
154.7 -2.3 0
155.9 5.4 0
158.7 12.8 0
156.1 16.7 0
156.5 24.3 0
156.1 31.8 0
155.1 36.9 0
156.9 45.5 0
159.0 49.2 0
156.2 58.1 0
160.5 62.1 0
155.5 71.7 0
163.1 68.6 0
165.4 57.7 0
165.6 54.6 0
165.3 47.5 0
163.4 41.4 0
165.8 41.0 0
165.1 26.3 0
166.8 26.1 0
165.6 19.5 0
156.2 15.0 0
156.4 -3.6 0
155.5 -2.5 0
176.1 -1.7 0
167.1 8.8 0
166.3 20.2 0
176.2 18.6 0
175.4 28.9 0
166.2 34.5 0
165.0 41.2 0
165.3 48.3 0
165.7 53.8 0
162.5 67.2 0
163.1 68.6 0
163.6 73.8 0
179.0 78.7 0
164.8 66.9 0
172.8 61.4 0
182.5 57.9 0
165.7 53.8 0
174.1 55.0 0
165.9 39.4 0
176.2 28.8 0
176.3 17.7 0
176.3 17.7 0
178.4 11.3 0
166.3 8.9 0
178.7 -2.1 0
178.7 -2.1 0
175.7 3.8 0
177.7 10.5 0
176.3 16.9 0
177.4 24.4 0
175.4 28.9 0
185.2 36.6 0
176.7 41.9 0
183.6 45.8 0
174.9 54.9 0
182.5 57.9 0
182.2 69.4 0
188.5 60.2 0
182.5 57.9 0
182.5 57.9 0
188.8 41.9 0
187.2 41.3 0
186.9 28.1 0
186.8 28.9 0
182.6 21.0 0
188.3 13.2 0
187.4 4.5 0
178.7 -2.1 0
179.5 -2.3 0
188.3 3.4 0
196.3 8.3 0
192.3 23.0 0
176.2 28.8 0
191.8 28.2 0
185.0 39.1 0
188.8 41.9 0
187.8 43.7 0
187.5 54.9 0
186.9 60.4 0
183.8 68.5 0
185.9 71.3 0
185.1 79.6 0
180.5 79.3 0
183.7 78.2 0
183.7 78.2 0
184.8 66.9 0
187.6 54.1 0
187.8 51.7 0
190.3 43.3 0
188.1 40.3 0
193.3 29.6 0
187.7 27.9 0
196.4 15.4 0
198.1 8.0 0
196.9 2.8 0
194.4 -5.8 0
196.3 0.2 0
199.7 8.7 0
199.1 14.1 0
197.0 25.7 0
196.2 25.8 0
189.8 40.1 0
198.7 40.5 0
187.9 50.9 0
187.6 54.1 0
199.4 62.8 0
185.9 71.3 0
208.1 70.3 0
208.6 60.2 0
209.8 56.9 0
206.7 49.2 0
198.7 40.5 0
205.8 36.2 0
208.4 29.1 0
204.2 22.0 0
205.8 22.6 0
205.6 9.5 0
206.9 5.7 0
195.2 -6.0 0
209.6 -2.1 0
208.5 7.2 0
204.5 19.4 0
205.8 22.6 0
210.4 26.2 0
206.8 35.2 0
211.2 39.6 0
205.9 49.3 0
209.9 56.0 0
208.9 57.8 0
208.2 69.5 0
208.2 69.5 0
209.5 77.7 0
