166.000000 166.000000 70.000000 0.0
6.9 -6.9 49.6 1.000
12.5 -12.5 44.6 1.000
12.2 -12.2 32.7 1.000
13.6 -13.6 27.8 1.000
15.0 -15.0 36.7 1.000
12.1 -12.1 56.0 1.000
16.7 -16.7 43.6 1.000
21.7 -21.7 37.2 1.000
19.9 -19.9 28.3 1.000
14.3 -14.3 26.3 1.000
11.2 -11.2 30.3 1.000
8.7 -8.7 39.2 1.000
3.4 -3.4 42.1 1.000
7.3 -7.3 50.6 1.000
1.3 -1.3 59.5 1.000
5.9 -5.9 64.4 1.000
5.1 -5.1 70.9 1.000
2.3 -2.3 79.8 1.000
6.2 -6.2 86.7 1.000
5.1 -5.1 93.6 1.000
2.6 -2.6 102.6 1.000
5.8 -5.8 110.5 1.000
1.2 -1.2 115.9 1.000
5.0 -5.0 126.8 1.000
1.2 -1.2 130.8 1.000
5.0 -5.0 135.3 1.000
3.6 -3.6 146.2 1.000
-4.8 4.8 165.4 0.866
-4.1 4.1 145.1 1.000
-0.6 0.6 138.2 1.000
-1.6 1.6 129.8 1.000
-1.6 1.6 121.4 1.000
0.2 -0.2 114.9 1.000
-4.4 4.4 106.0 1.000
-1.2 1.2 100.6 1.000
-6.1 6.1 89.2 1.000
-4.3 4.3 83.7 1.000
-2.2 2.2 77.3 1.000
-6.4 6.4 69.8 1.000
-8.5 8.5 59.9 1.000
-4.3 4.3 53.0 1.000
-8.5 8.5 50.0 1.000
-13.0 13.0 52.0 1.000
-16.9 16.9 38.6 1.000
-17.9 17.9 48.0 1.000
-19.3 19.3 35.6 1.000
-33.0 33.0 25.7 0.914
-14.1 14.1 40.8 0.869
-10.2 10.2 54.0 1.000
-21.5 21.5 52.4 1.000
-8.5 8.5 43.1 0.970
-11.6 11.6 51.5 1.000
-14.5 14.5 59.9 1.000
-6.4 6.4 64.4 1.000
-5.7 5.7 72.3 1.000
-7.8 7.8 81.7 1.000
-4.3 4.3 81.7 1.000
-4.0 4.0 92.1 1.000
-6.5 6.5 99.1 1.000
-8.2 8.2 107.0 1.000
-6.2 6.2 119.9 1.000
-2.3 2.3 117.9 1.000
1.7 -1.7 131.3 0.876
-5.5 5.5 129.3 1.000
-2.3 2.3 137.7 1.000
-6.2 6.2 144.1 1.000
-1.6 1.6 152.6 1.000
-4.8 4.8 158.5 1.000
-1.3 1.3 166.2 0.876
-3.8 3.8 168.9 1.000
-7.3 7.3 164.0 1.000
-4.1 4.1 157.0 1.000
-11.5 11.5 151.1 1.000
-5.1 5.1 146.6 1.000
-13.2 13.2 137.2 1.000
-10.4 10.4 130.3 1.000
-21.9 21.9 124.3 1.000
-12.4 12.4 111.4 1.000
-14.5 14.5 108.9 1.000
-3.0 3.0 100.1 1.000
-17.0 17.0 95.6 0.984
-17.3 17.3 90.1 1.000
-15.5 15.5 78.2 1.000
-18.0 18.0 70.3 1.000
-24.6 24.6 63.3 1.000
-21.8 21.8 43.5 0.990
-29.9 29.9 51.9 1.000
-22.5 22.5 50.5 1.000
-22.1 22.1 42.0 1.000
-13.7 13.7 42.1 1.000
-47.2 47.2 57.1 0.962
-8.5 8.5 45.1 1.000
-2.5 2.5 47.1 1.000
-6.4 6.4 37.1 1.000
5.4 -5.4 13.2 0.845
-5.3 5.3 25.7 1.000
1.7 -1.7 22.8 1.000
3.8 -3.8 22.8 1.000
5.6 -5.6 30.7 1.000
9.0 -9.0 23.2 1.000
13.2 -13.2 51.1 1.000
7.6 -7.6 52.0 1.000
1.7 -1.7 49.0 1.000
4.1 -4.1 62.9 1.000
-4.7 4.7 63.9 1.000
1.6 -1.6 68.4 1.000
-5.0 5.0 74.3 1.000
4.4 -4.4 85.2 1.000
2.0 -2.0 88.7 1.000
7.9 -7.9 90.2 1.000
4.0 -4.0 102.6 1.000
7.9 -7.9 106.5 1.000
9.6 -9.6 113.0 1.000
6.5 -6.5 114.5 1.000
0.9 -0.9 121.4 1.000
5.0 -5.0 128.8 1.000
36.0 -36.0 22.9 816.638
-0.9 0.9 133.8 1.000
1.2 -1.2 139.7 1.000
-6.5 6.5 143.1 1.000
-3.4 3.4 160.5 1.000
-9.4 9.4 157.5 1.000
-11.8 11.8 155.0 1.000
-13.5 13.5 144.1 1.000
-14.6 14.6 141.1 1.000
-13.2 13.2 132.7 1.000
-11.4 11.4 123.8 1.000
-14.6 14.6 119.3 1.000
-11.7 11.7 112.4 1.000
-15.2 15.2 107.9 1.000
-5.8 5.8 106.5 1.000
-17.8 17.8 86.1 0.921
-14.9 14.9 93.1 1.000
-19.4 19.4 83.7 1.000
-20.5 20.5 88.1 1.000
-27.1 27.1 94.0 1.000
-24.0 24.0 101.0 1.000
-25.7 25.7 98.0 1.000
-27.1 27.1 88.1 1.000
-21.5 21.5 83.2 1.000
-27.1 27.1 76.2 1.000
-23.6 23.6 74.7 1.000
-21.1 21.1 77.7 1.000
-25.7 25.7 69.8 1.000
-13.1 13.1 75.8 1.000
-15.9 15.9 67.8 1.000
-15.5 15.5 60.9 1.000
-8.2 8.2 58.4 1.000
-21.1 21.1 45.5 0.880
-5.0 5.0 46.6 0.860
4.5 -4.5 36.2 1.000
6.9 -6.9 45.1 1.000
16.0 -16.0 51.6 1.000
14.3 -14.3 55.5 1.000
19.9 -19.9 64.5 1.000
14.3 -14.3 62.0 1.000
15.3 -15.3 72.4 1.000
11.4 -11.4 78.8 1.000
5.5 -5.5 73.8 1.000
3.0 -3.0 81.3 1.000
9.9 -9.9 83.1 1.000
-29.6 29.6 107.9 1.037
4.4 -4.4 90.7 1.000
5.1 -5.1 97.6 1.000
1.9 -1.9 112.5 1.000
6.5 -6.5 115.4 1.000
-2.3 2.3 112.7 1.000
-2.7 2.7 137.7 1.000
9.6 -9.6 127.3 0.989
7.5 -7.5 134.3 1.000
11.3 -11.3 142.2 1.000
12.7 -12.7 151.6 1.000
5.4 -5.4 152.1 1.000
2.2 -2.2 148.1 1.000
1.1 -1.1 158.0 1.000
1.1 -1.1 156.1 1.000
-9.4 9.4 157.5 1.000
-11.5 11.5 155.5 1.000
-13.5 13.5 144.1 1.000
-17.8 17.8 146.6 1.000
-14.6 14.6 137.7 1.000
-21.2 21.2 136.7 1.000
-17.7 17.7 126.3 1.000
-25.1 25.1 121.3 1.000
-20.2 20.2 118.3 1.000
-24.7 24.7 109.9 1.000
-19.8 19.8 110.4 1.000
-26.8 26.8 105.9 1.000
-24.3 24.3 97.5 1.000
-24.7 24.7 91.1 1.000
-25.0 25.0 80.2 1.000
-28.5 28.5 72.2 1.000
-22.2 22.2 62.8 1.000
-30.9 30.9 59.8 1.000
-27.4 27.4 49.0 1.000
-23.2 23.2 40.1 1.000
-27.4 27.4 29.6 1.000
-29.1 29.1 30.6 1.000
-24.6 24.6 41.5 1.000
-19.0 19.0 36.6 1.000
-14.8 14.8 25.7 1.000
-11.6 11.6 34.6 1.000
-15.5 15.5 41.6 1.000
-9.5 9.5 52.5 1.000
-9.9 9.9 61.4 1.000
-14.8 14.8 71.8 1.000
-8.9 8.9 73.8 1.000
-11.7 11.7 86.7 1.000
-2.9 2.9 84.7 1.000
-4.0 4.0 93.6 1.000
4.4 -4.4 90.7 1.000
2.3 -2.3 87.2 1.000
6.2 -6.2 83.7 1.000
13.5 -13.5 83.3 1.000
17.0 -17.0 79.8 1.000
17.0 -17.0 88.2 1.000
25.1 -25.1 94.7 1.000
16.7 -16.7 97.2 1.000
17.7 -17.7 87.2 1.000
18.4 -18.4 78.8 1.000
12.1 -12.1 70.4 1.000
26.1 -26.1 77.9 0.942
16.7 -16.7 73.4 1.000
14.3 -14.3 64.4 1.000
9.3 -9.3 68.9 1.000
10.4 -10.4 60.0 1.000
6.9 -6.9 52.5 1.000
-1.5 1.5 54.0 1.000
-1.5 1.5 52.5 1.000
-9.5 9.5 55.5 1.000
-11.3 11.3 45.5 1.000
-13.0 13.0 37.1 1.000
-6.0 6.0 28.2 1.000
-5.7 5.7 40.1 1.000
4.8 -4.8 38.2 1.000
4.8 -4.8 47.6 1.000
17.8 -17.8 58.5 0.934
16.8 -16.8 39.2 1.000
14.6 -14.6 46.1 1.000
23.1 -23.1 41.7 1.000
25.8 -25.8 50.6 1.000
28.3 -28.3 58.1 1.000
27.2 -27.2 70.4 1.000
23.7 -23.7 74.9 1.000
27.9 -27.9 69.9 1.000
24.1 -24.1 62.0 1.000
21.6 -21.6 55.6 1.000
26.2 -26.2 47.1 1.000
20.6 -20.6 44.7 1.000
21.0 -21.0 34.7 1.000
14.6 -14.6 54.0 0.936
22.0 -22.0 40.2 1.000
32.2 -32.2 43.7 1.000
26.2 -26.2 53.1 1.000
16.4 -16.4 62.0 1.000
27.6 -27.6 65.5 1.000
27.6 -27.6 70.4 1.000
25.1 -25.1 79.3 1.000
27.5 -27.5 88.8 1.000
24.0 -24.0 87.3 1.000
17.0 -17.0 97.2 1.000
21.6 -21.6 95.2 1.000
14.2 -14.2 99.1 1.000
14.2 -14.2 91.2 1.000
5.8 -5.8 93.6 1.000
4.7 -4.7 98.1 1.000
-3.7 3.7 93.6 1.000
-4.0 4.0 95.1 1.000
-11.0 11.0 101.0 1.000
-13.5 13.5 108.0 1.000
-9.7 9.7 117.9 1.000
-6.1 6.1 116.4 1.000
-3.7 3.7 124.3 1.000
1.2 -1.2 130.8 1.000
10.3 -10.3 127.3 1.000
6.5 -6.5 124.9 1.000
14.5 -14.5 127.4 1.000
9.9 -9.9 133.3 1.000
13.8 -13.8 122.4 1.000
8.9 -8.9 118.4 1.000
7.2 -7.2 118.4 1.000
-2.7 2.7 137.2 1.000
2.3 -2.3 113.0 1.000
36.0 -36.0 22.9 11.881
-12.5 12.5 117.4 1.000
-7.5 7.5 107.0 1.000
-6.5 6.5 107.0 1.000
-1.6 1.6 102.0 1.000
-8.9 8.9 96.6 1.000
4.4 -4.4 91.2 1.000
4.4 -4.4 85.2 1.000
-1.9 1.9 76.7 1.000
7.2 -7.2 76.8 1.000
19.5 -19.5 74.0 1.000
8.6 -8.6 70.9 1.000
15.3 -15.3 68.4 1.000
9.0 -9.0 62.9 1.000
8.3 -8.3 55.0 1.000
14.6 -14.6 60.0 1.000
9.3 -9.3 68.9 1.000
15.0 -15.0 67.2 0.876
13.4 -13.4 69.4 0.876
18.8 -18.8 82.8 1.000
18.1 -18.1 84.3 1.000
11.6 -11.6 92.7 0.876
17.0 -17.0 102.1 1.000
11.7 -11.7 111.5 1.000
11.7 -11.7 113.0 1.000
17.0 -17.0 120.4 1.000
11.7 -11.7 126.9 1.000
15.5 -15.5 134.3 1.000
11.0 -11.0 145.7 1.000
9.2 -9.2 151.4 0.876
12.0 -12.0 157.6 1.000
12.0 -12.0 160.1 1.000
11.6 -11.6 165.5 1.000
5.3 -5.3 171.4 1.000
7.8 -7.8 173.9 1.000
4.6 -4.6 180.1 0.876
6.5 -6.5 183.6 0.825
0.4 -0.4 190.7 1.000
4.8 -4.8 196.7 0.876
0.5 -0.5 204.1 0.876
2.1 -2.1 204.6 1.000
0.7 -0.7 210.0 1.000
36.0 -36.0 22.9 58.106
-0.8 0.8 207.4 1.000
-1.0 1.0 202.1 1.000
0.7 -0.7 196.4 0.939
-4.9 4.9 196.7 1.000
-4.9 4.9 187.7 1.000
-7.7 7.7 187.2 1.000
-3.6 3.6 179.3 0.876
-9.9 9.9 176.3 0.876
-6.2 6.2 167.4 1.000
-6.4 6.4 160.7 0.825
-8.3 8.3 153.5 1.000
-8.5 8.5 148.8 0.825
-8.3 8.3 143.1 1.000
-10.2 10.2 137.9 0.825
-12.8 12.8 125.8 1.000
-15.8 15.8 123.5 0.825
-16.0 16.0 117.4 1.000
-14.4 14.4 107.0 0.876
-14.5 14.5 100.8 0.876
-13.6 13.6 89.6 0.876
-16.3 16.3 89.1 1.000
-13.3 13.3 78.0 0.923
-9.9 9.9 67.8 1.000
-14.5 14.5 64.8 1.000
-9.2 9.2 53.0 1.000
-9.5 9.5 45.5 1.000
-3.6 3.6 43.1 1.000
0.6 -0.6 49.5 1.000
3.8 -3.8 57.0 1.000
-1.9 1.9 64.4 1.000
3.0 -3.0 73.8 1.000
-0.5 0.5 84.7 1.000
3.7 -3.7 97.6 1.000
-1.2 1.2 99.1 1.000
-0.2 0.2 107.5 1.000
-0.2 0.2 107.5 1.000
5.8 -5.8 124.4 1.000
4.7 -4.7 128.3 1.000
-0.2 0.2 138.2 1.000
3.6 -3.6 140.7 1.000
0.5 -0.5 147.1 1.000
-1.7 1.7 155.8 0.876
3.4 -3.4 163.5 0.876
3.1 -3.1 169.2 0.825
2.9 -2.9 171.9 1.000
0.8 -0.8 179.1 0.876
-1.4 1.4 185.3 1.000
3.2 -3.2 185.3 1.000
5.0 -5.0 180.3 1.000
3.9 -3.9 187.8 1.000
5.7 -5.7 182.8 1.000
9.5 -9.5 175.4 1.000
10.6 -10.6 170.4 1.000
8.8 -8.8 161.0 1.000
8.2 -8.2 155.1 1.000
23.0 -23.0 64.0 4.951
9.9 -9.9 138.7 1.000
12.0 -12.0 135.8 1.000
14.5 -14.5 130.8 1.000
36.0 -36.0 22.9 462.718
14.2 -14.2 117.9 1.000
23.3 -23.3 126.9 1.000
13.8 -13.8 100.1 1.000
17.0 -17.0 98.1 1.000
18.8 -18.8 89.7 1.000
18.1 -18.1 87.2 1.000
19.1 -19.1 81.3 1.000
20.5 -20.5 74.4 1.000
16.7 -16.7 63.5 1.000
20.6 -20.6 64.0 1.000
20.6 -20.6 56.5 1.000
16.4 -16.4 51.1 1.000
21.7 -21.7 40.2 1.000
18.5 -18.5 41.7 1.000
20.9 -20.9 42.2 1.000
23.8 -23.8 39.7 1.000
24.8 -24.8 46.2 1.000
29.3 -29.3 51.6 1.000
32.5 -32.5 60.0 1.000
34.9 -34.9 66.5 1.000
35.6 -35.6 73.9 1.000
29.7 -29.7 73.9 1.000
32.8 -32.8 84.3 1.000
34.5 -34.5 90.3 1.000
25.4 -25.4 91.2 1.000
23.7 -23.7 100.1 1.000
21.5 -21.5 105.6 1.000
20.8 -20.8 112.0 1.000
20.8 -20.8 120.9 1.000
14.5 -14.5 126.9 1.000
13.8 -13.8 133.3 1.000
16.6 -16.6 143.2 1.000
11.7 -11.7 143.7 1.000
13.4 -13.4 152.1 1.000
11.0 -11.0 158.1 1.000
6.7 -6.7 163.5 1.000
6.4 -6.4 170.9 1.000
5.0 -5.0 175.9 1.000
5.0 -5.0 185.8 1.000
-0.6 0.6 183.8 1.000
0.8 -0.8 181.3 1.000
3.9 -3.9 184.3 1.000
7.4 -7.4 184.8 1.000
4.3 -4.3 180.3 1.000
7.8 -7.8 169.0 1.000
11.3 -11.3 162.0 1.000
12.0 -12.0 154.6 1.000
8.2 -8.2 153.6 1.000
15.5 -15.5 143.7 1.000
17.6 -17.6 139.3 1.000
18.7 -18.7 132.3 1.000
19.1 -19.1 124.9 1.000
21.2 -21.2 120.9 1.000
25.7 -25.7 114.0 1.000
26.4 -26.4 107.1 1.000
22.6 -22.6 100.6 1.000
25.4 -25.4 94.7 1.000
28.6 -28.6 87.3 1.000
30.3 -30.3 80.4 1.000
25.4 -25.4 78.9 1.000
28.3 -28.3 69.9 1.000
25.8 -25.8 65.5 1.000
23.7 -23.7 62.5 1.000
24.1 -24.1 53.1 1.000
23.7 -23.7 51.1 1.000
29.0 -29.0 54.6 1.000
32.5 -32.5 50.1 1.000
26.2 -26.2 49.1 1.000
32.2 -32.2 46.7 1.000
28.3 -28.3 48.1 1.000
32.1 -32.1 57.6 1.000
24.8 -24.8 52.1 1.000
25.8 -25.8 51.1 1.000
18.5 -18.5 45.1 1.000
15.3 -15.3 52.1 1.000
15.3 -15.3 50.6 1.000
6.9 -6.9 58.0 1.000
4.8 -4.8 51.0 1.000
-0.5 0.5 61.4 1.000
-7.4 7.4 56.9 1.000
-6.4 6.4 70.8 1.000
-16.2 16.2 70.8 1.000
-15.9 15.9 81.7 1.000
-18.7 18.7 81.7 1.000
-23.6 23.6 92.6 1.000
-18.7 18.7 97.0 1.000
-24.3 24.3 108.9 1.000
-17.0 17.0 107.4 1.000
-12.1 12.1 114.4 1.000
-6.8 6.8 115.4 1.000
-0.2 0.2 116.9 1.000
0.2 -0.2 112.5 1.000
3.3 -3.3 100.1 1.000
10.3 -10.3 102.1 1.000
11.8 -11.8 93.2 1.000
13.9 -13.9 91.2 1.000
21.6 -21.6 92.2 1.000
19.1 -19.1 93.2 1.000
18.8 -18.8 99.1 1.000
18.7 -18.7 109.0 1.000
19.8 -19.8 116.0 1.000
17.7 -17.7 118.0 1.000
19.1 -19.1 124.4 1.000
18.0 -18.0 130.8 1.000
13.1 -13.1 140.7 1.000
15.9 -15.9 142.7 1.000
12.0 -12.0 151.6 1.000
9.9 -9.9 155.1 1.000
4.7 -4.7 154.8 0.876
1.2 -1.2 151.1 1.000
-3.5 3.5 149.3 1.000
-4.8 4.8 145.6 1.000
-6.5 6.5 142.9 0.876
-9.7 9.7 137.7 1.000
