150.000000 200.000000 110.000000
22.020845 -16.515634 118.416342
-11.675392 8.756544 148.410971
-9.496698 7.122524 150.407550
-1.991567 1.493675 181.763863
-24.710796 18.533097 61.902299
-18.498846 13.874135 66.467698
-17.476331 13.107248 69.337258
-19.531387 14.648540 74.378829
-10.833320 8.124990 82.832962
-17.262471 12.946853 84.349192
-13.737131 10.302848 90.639669
-17.439574 13.079680 99.808060
-13.446416 10.084812 92.999642
-17.356035 13.017026 97.468971
-15.210757 11.408067 100.401185
-12.774763 9.581072 105.693373
-31.039701 23.279776 113.111624
-13.616835 10.212626 118.771382
-12.744689 9.558517 125.851301
-12.928475 9.696356 130.997295
-5.643886 4.232914 137.028801
-13.753839 10.315379 143.607487
-8.714774 6.536081 149.513684
-11.551754 8.663816 155.449121
-9.931100 7.448325 162.570809
-10.288647 7.716485 162.082107
-10.382210 7.786658 175.201886
-4.170260 3.127695 179.767285
1.560506 -1.170380 176.805832
2.252208 -1.689156 167.938181
7.408227 -5.556170 170.569656
4.106771 -3.080078 168.510422
5.797597 -4.348198 152.667277
5.590421 -4.192816 147.968215
14.281804 -10.711353 146.109476
5.974700 -4.481025 137.208410
12.945183 -9.708887 131.034887
11.615244 -8.711433 126.273172
14.077970 -10.558477 120.316851
19.193890 -14.395417 113.571088
12.300263 -9.225197 107.092649
25.191980 -18.893985 103.124552
19.437823 -14.578367 96.240950
24.961413 -18.721060 88.580436
25.536160 -19.152120 82.987509
26.060784 -19.545588 78.798035
28.607049 -21.455287 70.502626
30.170897 -22.628172 68.714894
21.830376 -16.372782 60.749463
29.940329 -22.455247 54.170777
28.984645 -21.738484 49.429947
26.017344 -19.513008 38.014361
24.927997 -18.695998 37.016071
25.044952 -18.783714 33.741348
24.570451 -18.427838 36.527369
28.112499 -21.084374 42.350028
15.544912 -11.658684 47.742462
23.902140 -17.926605 55.240075
30.404805 -22.803604 62.165447
24.216246 -18.162185 67.445103
19.110351 -14.332763 63.410176
29.121649 -21.841236 77.093842
28.022277 -21.016708 86.876243
27.140107 -20.355080 90.577015
19.521362 -14.641022 93.901862
16.975097 -12.731323 102.197271
19.394383 -14.545787 107.957276
18.853051 -14.139788 112.614568
13.737131 -10.302848 119.360331
16.056170 -12.042127 127.927242
16.380301 -12.285226 129.351579
7.779139 -5.834354 139.184104
8.019731 -6.014798 142.947530
5.232875 -3.924656 147.479513
8.300422 -6.225316 156.088193
3.268040 -2.451030 160.494868
1.503700 -1.127775 167.896412
2.292306 -1.719230 177.315419
-0.685019 0.513764 176.680524
-6.472591 4.854443 170.732556
-12.443949 9.332962 169.930583
-13.382926 10.037195 164.721935
-12.484048 9.363036 160.553346
-16.266688 12.200016 150.967261
-14.535763 10.901822 144.501353
-19.200573 14.400430 138.616039
-19.274087 14.455565 130.174437
-19.514679 14.636009 126.411011
-23.397565 17.548174 119.631832
-22.398441 16.798830 112.656337
-28.286260 21.214695 109.515276
-27.527727 20.645795 98.776355
-27.036518 20.277389 95.522516
-28.657172 21.492879 88.400827
-28.032302 21.024226 81.404447
-34.260960 25.695720 77.306866
-30.200971 22.650728 68.627178
-32.553425 24.415069 60.995903
-25.208688 18.906516 54.843265
-31.063092 23.297319 50.766569
-24.042485 18.031864 43.189593
-29.131673 21.848755 38.686849
-22.161190 16.620893 32.513326
-22.385074 16.788806 28.282083
-18.318402 13.738802 29.915268
-25.663139 19.247355 36.067905
-20.948206 15.711154 40.549765
-21.780253 16.335190 42.847084
-27.761636 20.821227 52.825802
-21.974063 16.480547 58.773769
-23.788527 17.841395 67.578765
-25.252128 18.939096 66.559591
-21.436073 16.077055 75.210041
-22.301536 16.726152 78.442995
-17.803803 13.352852 89.006484
-17.389450 13.042088 98.404607
-24.069218 18.051913 106.938102
-15.869043 11.901782 108.333201
-14.539104 10.904328 113.094916
-15.588352 11.691264 121.473864
-16.978439 12.733829 128.896292
-13.743814 10.307861 132.826796
-17.005171 12.753879 140.144801
-12.189991 9.142493 141.819755
-14.445541 10.834155 152.475137
-7.909460 5.932095 158.464874
-13.416342 10.062256 165.657570
-10.505848 7.879386 168.163736
-2.730050 2.047538 170.941403
-2.689951 2.017464 180.318641
1.951468 -1.463601 176.358899
9.977882 -7.483412 172.119301
8.033097 -6.024823 163.573276
10.786538 -8.089904 159.976927
10.355478 -7.766608 151.046623
15.695282 -11.771462 148.532103
13.309412 -9.982059 141.836463
20.503779 -15.377834 139.894184
18.916541 -14.187406 131.836861
21.429390 -16.072042 124.477086
22.528761 -16.896571 114.694685
23.344101 -17.508075 112.865184
24.684064 -18.513048 106.846209
26.839367 -20.129525 98.997733
25.609675 -19.207256 91.429111
28.429947 -21.322460 85.961493
28.446654 -21.334991 85.493675
25.836900 -19.377675 74.566791
26.719071 -20.039303 70.866020
28.550243 -21.412682 61.593206
25.165248 -18.873936 61.873061
27.637998 -20.728499 45.136049
27.280452 -20.460339 44.647347
24.420081 -18.315061 40.737728
14.722890 -11.042167 39.259090
14.382051 -10.786538 38.302570
14.739597 -11.054698 38.791272
14.996897 -11.247673 42.086880
15.628451 -11.721338 45.403373
10.936908 -8.202681 50.766569
15.093802 -11.320352 60.373538
6.559472 -4.919604 68.334792
4.678176 -3.508632 79.011059
4.270507 -3.202880 79.925810
1.059273 -0.794455 85.840361
9.500040 -7.125030 90.998886
1.887978 -1.415984 104.636606
5.921235 -4.440926 107.205426
2.933885 -2.200414 117.351221
4.704909 -3.528682 120.262551
4.828546 -3.621410 127.300700
2.673244 -2.004933 135.149177
-0.180444 0.135333 141.552431
3.411727 -2.558795 145.971637
1.680802 -1.260601 152.437545
-0.949002 0.711751 163.072042
-1.032540 0.774405 165.411131
-6.472591 4.854443 170.732556
1.543798 -1.157849 177.273649
-4.203676 3.152757 180.702920
-4.153552 3.115164 179.299467
-5.516907 4.137680 175.473387
-0.925611 0.694208 172.917098
-7.261198 5.445899 161.313549
-8.367253 6.275440 160.783077
-2.028324 1.521243 151.293062
-9.503381 7.127536 140.094677
-4.995624 3.746718 139.877476
-2.482775 1.862081 132.517702
-8.153393 6.115045 123.295012
-6.014798 4.511099 115.914353
-6.138436 4.603827 108.876203
-6.262073 4.696555 101.838054
-10.809929 8.107447 92.678017
-3.431777 2.573832 85.589745
-2.633145 1.974859 84.228061
-7.231124 5.423343 76.471477
-6.930384 5.197788 68.050760
-9.540138 7.155104 57.123876
-5.032381 3.774286 56.906675
