165.000000 197.000000 118.000000 0.0
-10.0 8.4 47.9 1.000
-14.3 11.9 54.6 1.000
-9.7 8.1 62.7 1.000
-10.1 8.4 62.2 1.000
-8.0 6.7 72.3 1.000
-12.3 10.3 81.0 1.000
-6.9 5.8 89.2 1.000
-8.5 7.1 89.6 1.000
-10.0 8.4 97.5 1.000
-9.0 7.5 103.3 1.000
-12.4 10.4 109.5 1.000
-9.0 7.6 118.6 1.000
-6.5 5.4 127.2 1.000
-11.5 9.6 131.1 1.000
-13.6 11.4 135.2 1.000
-9.8 8.2 143.3 1.000
-5.2 4.4 151.5 1.000
-6.2 5.2 156.7 1.000
-4.4 3.6 161.5 1.000
-8.1 6.8 166.6 1.000
-4.2 3.5 175.3 0.868
-7.1 5.9 183.5 1.000
-0.3 0.3 187.1 1.000
-1.5 1.2 197.5 1.000
1.2 -1.0 188.7 1.000
1.8 -1.5 184.0 1.000
1.3 -1.1 175.5 1.000
0.3 -0.2 168.1 1.000
3.3 -2.7 163.0 1.000
4.3 -3.6 155.2 1.000
5.4 -4.5 148.4 1.000
-0.5 0.5 143.3 1.000
8.9 -7.4 139.6 1.000
-0.5 0.5 130.7 1.000
4.5 -3.8 124.1 1.000
4.0 -3.3 115.6 1.000
4.8 -4.0 102.5 1.000
6.4 -5.4 102.1 1.000
4.6 -3.9 95.1 1.000
1.3 -1.1 86.0 1.000
1.1 -0.9 80.2 1.000
2.5 -2.1 73.4 1.000
3.1 -2.6 66.6 1.000
-1.1 0.9 59.5 1.000
-0.4 0.3 50.6 1.000
-0.2 0.2 44.8 1.000
2.3 -2.0 40.7 1.000
1.3 -1.1 34.3 1.000
3.6 -3.0 26.5 1.000
0.5 -0.4 22.7 1.000
7.0 -5.8 22.5 1.000
11.7 -9.8 26.5 1.000
9.1 -7.6 32.6 1.000
7.6 -6.4 39.9 1.000
8.3 -6.9 45.2 1.000
11.0 -9.2 48.5 1.000
7.8 -6.6 57.9 1.000
5.2 -4.4 63.5 1.000
9.7 -8.1 74.8 1.000
6.5 -5.4 75.2 1.000
5.8 -4.9 83.0 1.000
7.3 -6.1 87.9 1.000
8.5 -7.1 99.5 1.000
4.0 -3.3 103.0 1.000
8.9 -7.4 113.8 1.000
6.0 -5.0 116.3 1.000
4.9 -4.1 125.2 1.000
8.7 -7.3 131.7 1.000
5.6 -4.7 142.1 1.000
7.1 -6.0 143.7 1.000
2.1 -1.8 149.2 1.000
1.3 -1.1 162.4 1.000
4.8 -4.0 165.7 1.000
0.9 -0.7 175.0 1.000
5.0 -4.2 184.7 1.000
0.7 -0.6 179.2 1.000
0.4 -0.3 178.1 1.000
-5.0 4.2 168.9 1.000
-7.3 6.1 165.6 1.000
-4.9 4.1 154.1 1.000
-4.3 3.6 147.3 1.000
-10.6 8.9 142.2 1.000
-5.4 4.5 129.9 1.000
-11.7 9.8 127.4 1.000
-9.9 8.3 120.1 1.000
-7.6 6.3 110.8 1.000
-7.4 6.2 105.0 1.000
-11.6 9.7 98.4 1.000
-14.2 11.9 90.4 1.000
-12.8 10.7 83.1 1.000
-11.2 9.4 71.6 1.000
-10.7 9.0 69.5 1.000
-13.4 11.2 64.6 1.000
-11.1 9.3 56.8 1.000
-13.6 11.4 45.1 1.000
-9.9 8.3 44.3 1.000
-11.7 9.8 37.3 1.000
-17.1 14.3 29.1 1.000
-11.1 9.3 19.4 1.000
-9.9 8.3 18.4 1.000
1.1 -0.9 29.0 1.000
-0.3 0.3 35.8 1.000
-1.4 1.2 44.2 1.000
-14.7 12.3 54.0 1.000
-2.7 2.3 58.9 1.000
-1.4 1.1 67.9 1.000
0.8 -0.7 74.9 1.000
-1.4 1.2 81.6 1.000
2.4 -2.0 89.7 1.000
0.5 -0.5 97.0 1.000
-2.5 2.1 103.7 1.000
-5.6 4.7 111.9 1.000
-5.4 4.5 118.8 1.000
-1.6 1.3 125.3 1.000
-8.8 7.3 135.5 1.000
-7.0 5.9 144.0 1.000
-5.1 4.3 147.3 1.000
-10.7 9.0 158.6 1.000
-5.2 4.4 163.6 1.000
-10.6 8.9 167.0 1.000
-9.9 8.3 169.7 1.000
-11.2 9.4 161.7 1.000
-10.7 9.0 158.6 1.000
-8.2 6.9 168.7 1.000
-3.5 3.0 148.9 0.966
5.5 -4.6 155.8 1.000
13.1 -10.9 147.7 1.000
13.1 -10.9 147.2 1.000
18.4 -15.4 145.9 1.000
13.1 -11.0 134.0 1.000
12.5 -10.5 127.7 1.000
16.4 -13.8 117.9 1.000
13.8 -11.6 110.9 1.000
12.3 -10.3 108.2 1.000
15.4 -12.9 100.4 1.000
12.7 -10.7 94.5 1.000
17.8 -14.9 87.9 1.000
18.5 -15.5 79.5 1.000
19.5 -16.3 73.8 1.000
17.4 -14.6 63.1 1.000
19.0 -15.9 61.6 1.000
16.0 -13.4 54.6 1.000
20.2 -16.9 51.7 1.000
14.4 -12.0 44.0 1.000
16.8 -14.0 44.1 1.000
18.9 -15.8 40.0 1.000
16.8 -14.1 30.9 1.000
21.5 -18.0 33.8 1.000
18.1 -15.2 27.3 1.000
23.3 -19.5 18.1 1.000
13.4 -11.2 36.6 0.875
19.2 -16.1 31.1 1.000
16.5 -13.8 26.2 1.000
18.5 -15.5 16.3 1.000
13.4 -11.2 22.3 1.000
12.9 -10.8 26.0 1.000
13.4 -11.2 35.5 1.000
11.2 -9.4 40.1 1.000
15.8 -13.2 49.9 1.000
13.7 -11.5 51.9 1.000
13.5 -11.3 58.7 1.000
18.1 -15.2 64.2 1.000
15.1 -12.7 70.9 1.000
20.5 -17.2 78.6 1.000
15.8 -13.3 86.2 1.000
19.7 -16.5 92.8 1.000
13.8 -11.5 99.8 1.000
18.0 -15.1 106.4 1.000
10.5 -8.8 114.4 1.000
15.6 -13.1 118.4 1.000
14.4 -12.1 129.9 1.000
10.7 -9.0 131.8 1.000
16.9 -14.2 140.0 1.000
8.1 -6.8 150.6 1.000
8.8 -7.4 154.9 1.000
7.1 -5.9 158.5 1.000
8.0 -6.7 167.0 1.000
6.8 -5.7 165.3 1.000
-3.3 2.8 154.7 1.000
-6.0 5.1 163.6 1.000
-11.6 9.7 159.6 1.000
-13.8 11.6 154.7 1.000
-12.3 10.3 145.3 1.000
-10.0 8.4 136.5 1.000
-9.6 8.0 134.9 1.000
-11.7 9.8 126.9 1.000
-15.2 12.7 121.4 1.000
-6.5 5.5 115.6 1.000
-11.2 9.4 109.5 1.000
-11.3 9.5 100.6 1.000
-15.8 13.3 91.4 1.000
-14.2 11.9 89.3 1.000
-7.4 6.2 81.3 1.000
-17.5 14.7 80.2 1.000
-14.0 11.7 70.9 1.000
-22.2 18.6 62.6 1.000
-14.1 11.9 63.5 1.000
-12.3 10.3 55.2 1.000
-10.9 9.1 51.0 1.000
-9.1 7.6 44.3 1.000
-18.9 15.8 34.8 1.000
-8.7 7.3 44.3 1.000
-19.4 16.3 51.1 1.000
4.8 -4.0 53.5 1.000
0.9 -0.7 60.6 1.000
7.7 -6.4 63.7 1.000
3.2 -2.7 62.9 1.000
7.3 -6.1 74.2 1.000
7.2 -6.1 64.2 1.000
6.6 -5.5 85.7 0.921
3.1 -2.6 91.9 1.000
7.7 -6.4 100.5 1.000
3.5 -3.0 104.0 1.000
9.8 -8.2 110.1 1.000
5.6 -4.7 103.6 1.000
6.9 -5.7 126.8 0.834
5.8 -4.9 134.2 1.000
2.0 -1.7 140.3 1.000
6.6 -5.5 147.4 1.000
4.3 -3.6 156.7 1.000
-3.7 3.1 155.2 1.000
-5.6 4.7 151.5 1.000
-13.7 11.4 149.4 1.000
-10.7 8.9 143.8 1.000
-16.7 14.0 143.0 1.000
-16.0 13.4 133.0 1.000
-12.2 10.2 127.9 1.000
-18.4 15.4 121.3 1.000
-12.6 10.6 116.8 1.000
-17.7 14.8 111.3 1.000
-17.7 14.8 99.7 1.000
-29.5 24.7 101.2 1.000
-27.8 23.3 100.2 1.000
-27.9 23.4 114.4 1.000
-18.0 15.1 108.1 1.000
-25.4 21.3 98.7 1.000
-17.7 14.8 99.2 1.000
-24.6 20.6 98.8 1.000
-24.7 20.7 89.8 1.000
-19.0 15.9 88.0 1.000
-25.9 21.7 78.7 1.000
-21.2 17.7 81.1 1.000
-23.8 19.9 86.2 1.000
-29.1 24.4 76.9 1.000
-21.1 17.7 67.4 1.000
-25.8 21.6 61.8 1.000
-12.4 10.4 58.3 1.000
-22.8 19.1 44.6 1.000
-18.7 15.7 41.7 1.000
-16.5 13.8 36.5 1.000
-22.8 19.1 17.2 0.952
-19.9 16.7 16.3 1.000
-9.3 7.8 24.3 1.000
-10.8 9.1 35.8 1.000
-19.8 16.6 37.9 1.000
-11.1 9.3 45.2 1.000
-20.3 17.0 53.7 1.000
-19.8 16.6 64.3 1.000
-11.1 9.3 67.9 1.000
-10.1 8.5 77.4 1.000
-11.6 9.8 86.3 1.000
-5.0 4.2 93.0 1.000
-7.3 6.2 103.4 1.000
-0.1 0.1 105.4 1.000
-4.6 3.8 117.8 1.000
5.8 -4.9 122.0 1.000
-4.5 3.8 128.3 1.000
3.2 -2.7 139.8 1.000
-7.8 6.5 141.9 1.000
-2.6 2.2 144.8 1.000
1.9 -1.6 155.0 1.000
-3.6 3.0 162.1 1.000
-6.0 5.0 174.1 1.000
5.8 -4.9 172.6 1.000
8.0 -6.7 166.4 1.000
8.2 -6.9 159.6 1.000
15.2 -12.8 155.8 1.000
13.6 -11.4 144.6 1.000
20.4 -17.1 145.5 1.000
19.9 -16.6 137.0 1.000
17.2 -14.4 131.6 1.000
21.9 -18.4 123.4 1.000
16.4 -13.8 118.4 1.000
24.4 -20.4 109.9 1.000
20.9 -17.5 103.9 1.000
29.0 -24.3 104.3 1.000
24.0 -20.1 96.7 1.000
14.7 -12.3 96.2 1.000
10.0 -8.3 92.8 1.000
4.1 -3.4 87.2 1.000
5.4 -4.5 83.0 1.000
-6.5 5.5 78.2 1.000
0.7 -0.6 66.4 1.000
-2.1 1.7 64.2 1.000
4.7 -3.9 56.6 1.000
9.0 -7.5 47.4 1.000
-0.1 0.0 39.5 1.000
-9.4 7.9 40.6 1.000
-0.6 0.5 30.5 1.000
-0.3 0.3 35.8 1.000
5.7 -4.8 24.5 1.000
14.2 -11.9 21.9 1.000
16.4 -13.8 17.2 1.000
25.5 -21.4 22.5 1.000
21.9 -18.4 34.4 1.000
27.0 -22.6 41.0 1.000
28.0 -23.4 47.4 1.000
21.2 -17.7 58.6 1.000
31.1 -26.1 63.3 1.000
21.9 -18.4 71.8 1.000
29.7 -24.9 82.2 1.000
22.6 -18.9 88.7 1.000
25.5 -21.3 101.0 1.000
22.3 -18.7 98.7 1.000
14.0 -11.7 106.2 1.000
18.2 -15.3 112.7 1.000
10.3 -8.6 121.8 1.000
14.5 -12.2 127.3 1.000
9.7 -8.1 138.6 1.000
12.8 -10.7 143.0 1.000
8.1 -6.8 151.7 1.000
13.8 -11.6 149.4 1.000
11.6 -9.7 156.6 1.000
14.0 -11.7 157.3 1.000
4.7 -3.9 156.2 1.000
6.7 -5.6 155.8 1.000
2.0 -1.7 151.3 1.000
-1.8 1.5 145.3 1.000
-0.9 0.7 141.2 1.000
-4.7 3.9 133.6 1.000
-3.5 3.0 123.6 1.000
1.8 -1.5 119.2 1.000
1.3 -1.1 109.7 1.000
-2.6 2.2 107.4 1.000
2.1 -1.8 97.6 1.000
-8.8 7.3 95.1 1.000
-3.8 3.2 80.9 1.000
-8.0 6.7 74.9 1.000
-2.7 2.3 73.1 1.000
-5.4 4.6 69.3 1.000
-3.9 3.3 59.3 1.000
-11.3 9.4 48.9 1.000
1.6 -1.4 62.3 0.926
-6.3 5.2 69.2 1.000
2.5 -2.1 61.8 1.000
0.5 -0.4 60.6 1.000
8.5 -7.1 63.7 1.000
13.5 -11.3 56.6 1.000
6.2 -5.2 57.8 1.000
14.1 -11.8 52.4 1.000
8.0 -6.7 65.8 1.000
16.0 -13.4 67.3 1.000
17.3 -14.5 76.8 1.000
11.5 -9.6 83.4 1.000
18.2 -15.2 89.0 1.000
15.0 -12.6 99.4 1.000
21.5 -18.0 98.1 1.000
14.9 -12.5 88.8 1.000
25.0 -21.0 88.8 1.000
16.8 -14.0 82.1 1.000
25.8 -21.6 76.8 1.000
24.5 -20.5 67.7 1.000
19.0 -15.9 63.2 1.000
25.1 -21.0 60.9 1.000
20.5 -17.2 53.3 1.000
27.3 -22.9 55.2 1.000
23.6 -19.8 45.5 1.000
31.4 -26.3 41.8 1.000
21.5 -18.0 36.5 1.000
17.6 -14.7 32.0 1.000
27.0 -22.6 27.8 1.000
17.0 -14.2 25.7 1.000
27.3 -22.9 29.4 1.000
16.2 -13.6 36.7 1.000
20.3 -17.0 46.4 1.000
15.5 -13.0 31.9 1.000
12.3 -10.3 33.3 1.000
2.4 -2.0 39.1 1.000
-4.0 3.3 49.3 1.000
1.8 -1.5 58.6 1.000
-6.9 5.8 65.0 1.000
-3.3 2.8 79.4 1.000
-8.3 6.9 81.8 1.000
-8.7 7.3 95.4 1.000
-14.6 12.2 88.8 1.000
-17.3 14.5 100.2 1.000
-18.3 15.3 91.8 1.000
-24.1 20.2 96.2 1.000
-22.9 19.2 84.6 1.000
-27.6 23.1 80.7 1.000
-36.0 30.2 77.6 1.000
-39.5 33.1 84.8 1.000
-34.7 29.1 74.5 1.000
-42.2 35.4 69.4 1.000
-37.1 31.1 61.7 1.000
-44.3 37.1 58.2 1.000
-41.1 34.5 48.4 1.000
-36.2 30.3 57.1 1.000
-33.1 27.7 50.4 1.000
-26.1 21.9 46.0 1.000
-27.1 22.7 51.7 1.000
-36.7 30.7 48.1 1.000
-32.7 27.4 37.2 1.000
-37.7 31.6 30.6 1.000
-30.4 25.5 28.4 1.000
-37.7 31.5 28.0 1.000
-26.7 22.3 26.0 1.000
-27.4 22.9 35.4 1.000
-28.0 23.4 41.7 1.000
-28.2 23.6 48.0 1.000
-26.2 22.0 61.8 1.000
-28.7 24.0 62.7 1.000
-32.7 27.4 74.6 1.000
-27.6 23.1 78.6 1.000
-32.3 27.1 88.9 1.000
-28.1 23.5 94.9 1.000
-32.9 27.5 105.7 1.000
-30.6 25.7 112.2 1.000
-22.9 19.2 109.9 1.000
-22.5 18.9 98.4 1.000
-11.4 9.5 103.2 1.000
-10.0 8.4 110.6 1.000
-7.2 6.0 97.6 1.000
-0.0 0.0 88.5 1.000
8.9 -7.4 88.5 1.000
14.5 -12.2 89.3 1.000
22.6 -18.9 88.7 1.000
28.4 -23.8 96.9 1.000
22.7 -19.0 98.7 1.000
31.0 -25.9 105.5 1.000
29.0 -24.3 104.9 1.000
22.6 -19.0 100.8 1.000
28.0 -23.4 98.0 1.000
25.7 -21.5 93.6 1.000
20.6 -17.3 100.2 1.000
25.7 -21.6 92.0 1.000
23.0 -19.3 101.9 1.000
27.3 -22.9 93.2 1.000
23.5 -19.7 86.1 1.000
29.4 -24.6 79.1 1.000
27.5 -23.0 75.3 1.000
33.3 -27.9 69.3 1.000
31.9 -26.7 65.0 1.000
39.3 -32.9 59.6 1.000
34.6 -29.0 54.6 1.000
42.2 -35.3 57.6 1.000
39.2 -32.8 49.6 1.000
32.2 -27.0 42.3 1.000
30.6 -25.7 52.8 1.000
25.3 -21.2 43.0 1.000
17.0 -14.2 62.3 0.856
25.1 -21.0 62.0 1.000
30.5 -25.6 69.1 1.000
24.2 -20.3 77.2 1.000
30.1 -25.2 83.3 1.000
25.0 -20.9 89.9 1.000
23.4 -19.6 100.9 1.000
24.5 -20.6 104.1 1.000
20.4 -17.1 108.1 1.000
24.7 -20.7 115.5 1.000
17.0 -14.3 124.2 1.000
20.5 -17.1 130.7 1.000
14.2 -11.9 137.3 1.000
18.2 -15.2 145.6 0.814
12.9 -10.8 151.2 0.868
15.5 -12.9 161.0 1.000
13.6 -11.4 169.9 1.000
9.7 -8.1 176.0 1.000
8.7 -7.3 183.9 1.000
4.9 -4.1 189.4 1.000
-0.6 0.5 181.8 1.000
-8.4 7.0 186.1 1.000
-11.4 9.5 179.1 1.000
-8.8 7.4 173.9 1.000
-15.8 13.2 165.1 1.000
-17.2 14.4 158.2 1.000
-17.3 14.5 150.8 1.000
-20.7 17.3 141.2 1.000
-20.1 16.8 136.4 1.000
-24.8 20.7 130.4 1.000
-19.3 16.1 122.3 1.000
-27.9 23.4 114.9 1.000
-31.0 26.0 110.6 1.000
-36.4 30.5 102.4 1.000
-34.5 28.9 93.5 1.000
-35.1 29.4 86.1 1.000
-40.5 33.9 80.0 1.000
-33.5 28.0 74.6 1.000
-39.3 32.9 66.9 1.000
-32.7 27.4 63.0 1.000
-38.6 32.3 56.9 1.000
-28.5 23.9 58.0 1.000
-33.2 27.8 53.5 1.000
-23.9 20.0 53.0 1.000
-25.9 21.7 40.2 1.000
-19.8 16.6 37.4 1.000
-9.9 8.3 44.3 1.000
-5.5 4.6 34.5 1.000
-10.7 8.9 30.0 1.000
-3.0 2.5 18.8 1.000
