237.0 24.0 65.0 0.0
-0.2 2.3 55.4 1.0
-0.3 2.9 61.9 1.0
-0.5 4.5 67.8 1.0
-0.3 3.1 72.3 1.0
1.3 -13.1 72.1 1.0
-0.6 5.4 87.1 0.8
-0.0 0.4 91.4 1.0
0.5 -4.7 95.7 1.0
-0.6 6.3 104.9 1.0
0.3 -3.1 103.1 1.0
-0.5 4.6 116.8 1.0
0.4 -3.5 124.9 1.0
-0.3 2.5 132.2 1.0
-0.3 2.6 136.4 1.0
-0.3 2.6 140.5 1.0
-0.6 6.3 145.5 1.0
0.9 -9.1 161.7 1.0
-0.1 1.2 161.5 1.0
0.5 -4.5 167.5 1.0
0.4 -3.1 174.6 1.0
0.2 -1.7 181.8 1.0
-0.3 3.2 184.7 1.0
0.2 -1.7 192.5 0.9
-0.3 3.4 200.1 0.9
0.8 -8.4 192.9 1.0
-0.2 2.4 192.2 1.0
0.2 -2.2 184.3 1.0
-0.0 0.1 175.4 1.0
-0.6 6.4 171.8 1.0
-0.1 0.9 166.9 1.0
-0.1 1.2 159.5 1.0
-0.9 8.9 153.9 1.0
-0.7 6.9 151.4 1.0
-0.9 8.6 140.5 1.0
-0.2 2.2 137.2 1.0
-1.0 9.8 128.6 1.0
-1.1 10.6 118.2 1.0
-1.0 9.5 115.2 1.0
-1.0 10.4 107.8 1.0
-1.5 15.0 97.2 1.0
-2.2 21.3 91.2 1.0
-1.6 16.2 82.4 1.0
-1.6 16.2 81.9 1.0
-1.8 17.9 72.9 1.0
-1.9 18.8 65.9 1.0
-0.8 8.3 62.7 1.0
-0.8 8.2 57.3 1.0
-0.2 1.5 46.0 1.0
-0.5 4.8 38.5 1.0
0.1 -0.6 37.7 1.0
0.9 -8.7 29.9 1.0
1.5 -14.5 36.0 1.0
1.4 -13.4 37.5 1.0
1.2 -12.2 48.3 1.0
1.0 -10.1 53.7 1.0
0.2 -1.6 60.0 1.0
2.0 -19.4 58.9 1.0
0.6 -5.7 73.9 1.0
0.8 -7.9 83.4 1.0
0.3 -3.0 84.8 1.0
0.0 -0.3 93.6 1.0
0.7 -7.1 98.7 1.0
0.4 -3.9 111.6 1.0
-0.1 1.1 113.9 1.0
0.7 -6.5 126.5 1.0
-0.1 0.5 129.3 1.0
0.0 -0.3 137.7 1.0
-0.0 0.4 145.1 1.0
0.8 -8.4 151.3 1.0
0.9 -8.7 157.2 1.0
1.0 -9.6 161.7 1.0
0.3 -3.4 173.0 1.0
0.1 -0.8 178.4 1.0
0.3 -3.2 180.9 1.0
0.2 -2.4 197.2 1.0
-0.2 1.9 188.2 1.0
-0.1 0.8 185.8 1.0
-0.2 1.5 174.8 1.0
-0.8 8.4 171.7 1.0
-0.3 2.7 160.9 1.0
-0.4 3.6 156.0 1.0
-0.9 9.3 146.4 1.0
-0.8 8.1 140.0 1.0
-0.7 7.0 135.1 1.0
-1.2 12.3 129.5 1.0
-0.8 8.2 121.7 1.0
-1.0 9.5 115.2 1.0
-0.6 5.9 104.9 1.0
-1.3 13.2 101.3 1.0
-1.1 11.0 92.9 1.0
-1.7 16.7 84.8 1.0
-2.2 21.3 88.7 1.0
-1.1 10.6 77.0 1.0
-0.9 9.0 68.2 1.0
-1.6 16.2 60.1 1.0
-1.0 10.2 57.7 1.0
-1.1 11.0 50.8 1.0
-1.7 17.1 37.7 1.0
-1.7 17.1 37.7 1.0
-2.0 19.6 38.7 1.0
-2.4 23.4 53.5 1.0
-2.9 28.4 56.3 1.0
-2.1 21.2 63.9 1.0
-2.5 24.8 72.7 1.0
-1.3 12.6 78.5 1.0
-1.9 19.2 83.8 1.0
-2.0 19.8 89.7 1.0
-1.3 12.5 92.8 1.0
-1.5 14.7 101.7 1.0
-1.2 12.3 107.2 1.0
-2.0 19.9 115.0 1.0
-2.1 21.1 123.9 1.0
-2.4 24.1 126.3 1.0
-2.3 22.8 136.2 1.0
-2.2 21.6 146.0 1.0
-1.7 16.8 150.2 1.0
-1.6 15.4 155.7 1.0
-1.8 17.6 164.1 1.0
-1.8 17.4 169.5 0.9
-1.0 10.3 170.2 1.0
-0.5 4.7 173.8 0.9
-0.1 0.9 166.9 1.0
0.6 -6.1 164.1 1.0
0.7 -6.9 170.1 1.0
1.6 -15.5 162.4 1.0
0.6 -5.4 171.5 1.0
1.8 -17.4 165.9 1.0
1.7 -16.9 166.8 1.0
1.3 -12.6 159.8 1.0
1.4 -14.3 149.9 1.0
1.6 -16.0 142.1 1.0
1.4 -13.7 132.1 1.0
1.2 -11.4 124.6 1.0
1.1 -10.4 126.6 1.0
0.9 -8.7 113.2 1.0
1.8 -17.3 105.9 1.0
0.9 -8.6 98.8 1.0
1.1 -11.2 89.9 1.0
1.2 -11.4 82.5 1.0
1.5 -15.0 75.2 1.0
1.5 -15.3 65.7 1.0
0.6 -6.4 64.1 1.0
1.0 -9.7 51.2 1.0
-0.1 0.9 58.9 1.0
-0.0 0.0 43.6 1.0
0.6 -5.9 42.2 1.0
-0.3 3.3 36.6 1.0
0.1 -0.8 29.7 1.0
-0.3 2.6 26.7 1.0
-0.4 4.4 19.2 1.0
0.0 -0.4 45.6 1.0
-1.4 13.6 35.4 1.0
-1.4 13.5 30.4 1.0
-2.4 23.4 33.1 1.0
-2.1 20.5 34.7 1.0
-2.3 22.4 30.7 1.0
-2.1 20.8 47.6 1.0
-3.3 32.2 50.3 1.0
-2.2 21.6 61.4 1.0
-3.0 30.0 63.2 1.0
-2.8 27.7 70.2 1.0
-2.1 20.5 76.3 1.0
-2.5 25.1 85.1 1.0
-1.8 17.3 89.8 1.0
-1.9 19.0 97.2 1.0
-2.0 20.2 106.0 1.0
-1.7 16.9 114.5 1.0
-1.3 13.1 119.6 1.0
-1.6 15.7 127.4 1.0
-1.1 10.4 130.5 1.0
-1.6 16.1 144.8 1.0
-0.8 8.3 145.0 1.0
-0.8 8.0 153.9 1.0
-1.2 12.1 160.7 1.0
-0.2 1.8 166.4 1.0
0.1 -1.0 170.9 1.0
0.3 -2.8 180.4 1.0
0.8 -7.8 176.5 1.0
1.3 -12.8 171.7 1.0
0.7 -6.4 170.6 1.0
1.0 -10.0 164.7 1.0
3.1 -30.2 14.6 1.0
3.1 -30.2 14.6 1.0
1.5 -14.3 148.5 1.0
1.3 -12.5 143.0 1.0
1.6 -15.5 142.5 1.0
0.9 -8.9 128.5 1.0
1.8 -17.4 122.3 1.0
1.8 -17.5 117.3 1.0
1.5 -15.2 108.8 1.0
1.5 -14.4 100.9 1.0
0.8 -8.1 96.3 1.0
2.0 -19.6 89.6 1.0
1.5 -14.8 87.5 1.0
1.2 -11.5 79.0 1.0
1.9 -18.5 74.7 1.0
1.9 -18.6 68.8 1.0
1.5 -14.9 59.8 1.0
1.3 -12.5 57.8 1.0
1.5 -15.3 43.9 1.0
3.0 -29.2 39.8 1.0
3.3 -32.9 48.3 1.0
3.8 -37.7 33.1 1.0
3.7 -36.4 47.4 1.0
4.6 -45.8 64.0 1.0
3.8 -37.1 59.3 1.0
3.3 -32.9 68.6 1.0
3.0 -29.9 72.5 1.0
3.1 -30.1 82.4 1.0
2.5 -24.5 90.2 1.0
3.4 -33.2 100.3 1.0
0.9 -8.7 113.4 0.9
2.9 -28.4 114.1 1.0
2.3 -22.8 124.4 1.0
2.7 -26.6 127.9 1.0
2.2 -22.0 137.2 1.0
2.1 -20.3 146.6 1.0
2.3 -23.1 152.1 1.0
1.7 -17.0 159.4 1.0
2.0 -19.8 167.9 1.0
2.0 -19.5 160.5 1.0
1.0 -9.6 163.7 1.0
0.6 -6.0 157.9 1.0
0.2 -2.4 152.1 1.0
-0.1 0.9 146.4 1.0
-0.4 4.2 140.6 1.0
-0.0 0.0 129.3 1.0
-0.6 5.4 128.2 1.0
-1.1 10.8 127.1 1.0
-1.4 13.6 141.9 1.0
-1.8 17.7 128.2 1.0
-2.2 21.8 114.4 1.0
-1.5 14.4 114.1 1.0
-0.9 8.9 110.2 1.0
-0.3 3.4 106.4 1.0
0.2 -2.0 104.0 1.0
0.8 -7.5 101.7 1.0
1.4 -14.0 96.9 1.0
1.0 -9.8 86.9 1.0
0.5 -4.5 84.3 1.0
-0.3 2.5 88.6 1.0
-0.8 7.5 88.5 1.0
-2.4 23.9 75.7 1.0
-2.1 20.9 73.8 1.0
-1.4 13.4 67.6 1.0
-1.0 10.3 63.2 1.0
-0.7 7.3 58.3 1.0
3.1 -30.2 14.6 1.0
-1.1 10.4 46.8 1.0
-1.9 19.0 55.0 1.0
-2.8 27.9 33.5 1.0
3.1 -30.2 14.6 1.0
-3.0 30.1 42.9 1.0
-2.7 26.2 47.9 1.0
-2.8 27.4 55.1 1.0
-2.9 28.5 62.3 1.0
-3.0 29.7 71.6 1.0
-3.0 30.1 76.6 1.0
-3.1 30.5 81.5 1.0
-2.4 24.2 86.1 1.0
-2.5 24.4 98.0 1.0
-2.4 24.1 104.5 1.0
-1.8 17.8 111.1 1.0
-2.6 25.9 118.3 1.0
-1.8 17.6 124.9 1.0
-2.7 26.2 133.1 1.0
-2.6 24.9 141.6 1.0
-2.4 23.6 150.1 1.0
-1.8 18.3 151.2 1.0
-1.2 11.5 157.3 1.0
-1.5 15.2 168.6 1.0
-1.5 15.3 172.5 1.0
-0.9 9.1 181.1 1.0
-1.1 10.5 180.1 1.0
-0.0 0.1 176.4 1.0
-0.2 2.4 169.4 1.0
0.6 -6.0 168.6 1.0
1.0 -10.2 156.8 1.0
0.2 -2.2 161.5 1.0
0.5 -5.3 154.2 1.0
-0.5 4.9 148.0 1.0
0.3 -3.2 140.3 1.0
-0.9 8.5 135.0 1.0
-0.5 5.3 124.7 1.0
-1.6 15.7 124.5 1.0
-1.5 14.5 114.6 1.0
-2.6 25.4 117.8 1.0
-2.5 24.6 106.9 1.0
-3.2 32.0 104.8 1.0
-2.7 26.8 93.5 1.0
-3.2 31.7 94.9 1.0
-3.1 31.0 83.5 1.0
-4.4 43.3 81.2 1.0
-3.4 33.7 72.5 1.0
-3.8 37.9 63.0 1.0
-4.8 47.7 61.3 1.0
-3.9 38.0 68.0 1.0
-4.4 43.2 57.5 1.0
-3.7 36.6 50.7 1.0
-3.0 29.3 54.8 1.0
-2.9 29.1 66.7 1.0
-3.6 35.2 72.5 1.0
-4.0 39.4 86.0 0.9
-3.3 32.6 87.4 1.0
-4.1 40.7 77.3 1.0
-3.1 31.1 66.7 1.0
-3.6 35.5 63.6 1.0
-3.4 33.7 50.2 1.0
-2.3 22.9 53.5 1.0
-1.6 15.7 61.1 1.0
-1.8 17.4 71.4 1.0
-1.2 12.1 78.5 1.0
-1.3 12.9 89.4 1.0
-1.1 11.0 94.9 1.0
-0.4 3.6 112.4 1.0
-1.5 14.5 116.1 1.0
-0.9 8.7 122.7 1.0
-0.6 5.5 131.2 1.0
-0.5 5.2 140.1 1.0
0.0 -0.0 149.1 1.0
-0.5 4.5 154.5 1.0
0.1 -1.3 159.5 1.0
-0.1 1.4 167.9 1.0
0.6 -6.4 173.5 1.0
0.7 -7.1 165.1 1.0
1.5 -14.9 168.3 1.0
2.2 -21.5 160.0 1.0
1.3 -12.7 154.9 1.0
2.2 -21.2 148.1 1.0
1.5 -14.9 143.5 1.0
1.6 -15.7 133.6 1.0
2.3 -22.6 130.3 1.0
2.4 -23.8 121.4 1.0
2.8 -27.9 114.6 1.0
3.4 -33.6 102.8 1.0
3.7 -36.6 101.9 1.0
3.7 -36.3 93.0 1.0
3.0 -29.6 85.4 1.0
3.5 -34.7 78.1 1.0
2.5 -24.4 75.9 1.0
1.8 -17.3 61.3 1.0
3.2 -31.2 52.0 1.0
3.6 -35.3 72.2 1.0
3.2 -31.3 75.0 1.0
2.2 -21.6 68.4 1.0
3.1 -30.6 61.1 1.0
2.9 -28.5 68.5 1.0
1.8 -17.5 53.9 1.0
1.7 -17.1 70.9 1.0
1.7 -16.7 66.8 1.0
3.3 -32.9 68.6 1.0
3.2 -31.1 71.3 0.8
3.2 -31.1 83.5 1.0
2.6 -25.3 91.0 0.8
2.8 -27.6 98.0 0.8
2.7 -27.0 110.6 1.0
2.8 -27.6 109.1 1.0
1.9 -18.3 104.0 1.0
1.4 -13.5 98.4 1.0
0.9 -8.8 90.4 1.0
1.1 -10.9 82.0 1.0
0.9 -9.2 70.6 1.0
0.7 -6.9 65.6 1.0
1.2 -12.0 55.8 1.0
0.0 -0.2 54.0 1.0
-0.6 5.9 41.0 1.0
-1.0 9.9 43.9 1.0
-3.4 33.7 51.7 1.0
-1.8 18.0 32.8 1.0
-1.7 16.6 36.8 1.0
-3.0 29.3 30.0 1.0
3.1 -30.2 14.6 1.3
-2.9 29.0 39.0 1.0
-2.6 25.6 43.5 1.0
-3.5 34.9 39.3 1.0
-4.1 40.4 42.2 1.0
-3.5 34.2 50.2 1.0
-3.7 36.4 57.6 1.0
-3.9 38.5 65.0 1.0
-2.9 28.2 70.2 1.0
-3.2 31.9 78.0 1.0
-2.8 28.1 87.5 1.0
-2.8 28.0 95.4 1.0
-2.8 28.0 103.4 1.0
-3.0 30.1 108.8 1.0
-2.4 24.4 106.0 1.0
-1.9 18.6 103.1 1.0
-1.2 12.2 104.2 1.0
-0.8 7.9 88.5 1.0
-0.9 8.4 89.0 1.0
-1.4 13.4 87.9 1.0
-1.0 9.9 86.0 1.0
-0.6 6.4 84.1 1.0
-1.9 19.0 74.9 1.0
-0.3 3.4 63.3 1.0
3.1 -30.2 14.6 0.9
-0.7 7.3 59.8 1.0
3.1 -30.2 14.6 1.1
-1.2 11.8 63.1 1.0
-0.6 5.9 61.8 1.0
3.1 -30.2 14.6 1.2
-1.8 18.1 57.5 1.0
-3.5 34.5 42.3 1.0
1.8 -18.1 13.0 1.0
-3.2 31.6 44.8 1.4
3.1 -30.2 14.6 1.0
-3.9 38.0 46.2 1.0
-3.1 30.8 54.3 1.0
-2.2 22.1 59.9 1.0
-2.2 21.5 66.6 1.0
-2.1 20.9 73.3 1.0
-3.2 31.9 78.0 1.0
-2.3 22.7 86.2 1.0
-2.7 26.8 93.0 1.0
-3.0 29.3 75.1 1.0
3.1 -30.2 14.6 1.0
-2.6 25.8 94.0 1.0
-2.8 27.4 119.7 1.0
-2.5 24.9 119.8 1.0
-3.1 30.3 115.7 1.0
-3.0 29.8 116.7 1.0
-3.2 31.3 118.2 1.0
-3.0 30.1 109.3 1.0
-3.0 30.0 106.8 1.0
-3.0 30.0 104.3 1.0
-3.2 31.8 108.8 1.0
-3.4 33.6 113.2 1.0
-2.4 23.2 109.9 1.0
-2.0 19.5 98.6 1.0
-1.5 14.5 96.3 1.0
-0.0 0.2 95.1 1.0
0.6 -6.1 98.7 1.0
1.7 -16.5 98.5 1.0
2.6 -25.3 100.2 1.0
2.8 -27.6 109.6 1.0
4.1 -40.3 110.9 1.0
4.4 -43.8 112.5 1.0
4.6 -45.0 102.6 1.0
3.9 -38.8 94.0 1.0
4.1 -40.9 85.2 1.0
3.3 -32.7 80.5 1.0
3.8 -37.8 73.2 1.0
2.4 -23.6 68.9 1.0
2.4 -23.7 61.0 1.0
1.2 -11.9 61.2 1.0
0.5 -4.9 67.0 1.0
0.8 -8.1 53.2 1.0
-0.4 4.1 49.9 1.0
0.5 -4.6 56.1 1.0
-0.8 8.1 52.3 1.0
0.1 -1.3 71.9 1.0
0.8 -8.0 69.5 0.9
1.3 -13.1 74.6 1.0
1.7 -16.9 88.6 0.9
2.3 -23.1 88.7 1.0
2.8 -27.3 100.2 1.0
2.3 -22.4 106.9 0.9
2.5 -24.4 118.5 1.0
2.8 -27.7 124.0 1.0
3.0 -29.5 133.4 1.0
2.4 -23.9 140.7 1.0
2.2 -21.3 146.1 1.0
1.9 -18.6 154.0 1.0
1.9 -18.9 164.2 0.9
1.2 -11.5 166.7 1.0
0.8 -8.3 176.6 1.0
1.0 -10.0 186.0 1.0
0.5 -5.0 189.9 1.0
0.7 -6.8 197.3 1.0
0.1 -0.9 199.4 0.9
-0.2 1.9 190.2 1.0
-0.4 4.5 185.9 1.0
-0.7 7.1 181.6 1.0
-0.4 4.2 174.2 1.0
-0.1 1.4 166.9 1.0
-0.6 5.7 161.4 1.0
-0.1 1.1 154.0 1.0
-0.4 4.3 144.1 1.0
0.7 -7.1 143.8 1.0
-0.5 4.6 134.6 1.0
-0.2 2.4 126.3 1.0
-0.5 4.7 119.3 1.0
-1.2 11.7 103.0 1.0
-1.9 18.7 86.8 1.0
-1.4 13.1 88.6 1.0
-0.8 7.5 90.5 1.0
-0.8 8.4 85.0 1.0
-0.9 9.2 79.5 1.0
-1.1 10.5 73.1 1.0
-1.5 14.8 63.6 1.0
3.1 -30.2 14.6 1.5
-1.9 18.5 54.6 1.0
3.1 -30.2 14.6 1.6
-2.8 27.3 49.9 1.0
-3.5 34.3 54.7 1.0
-3.1 31.1 45.4 1.0
-3.3 32.9 59.2 1.0
-4.2 41.3 59.5 1.0
-3.1 30.4 57.8 1.0
-4.1 40.1 51.1 1.0
