-24.2 -0.1 50.6
-26.8 0.4 56.3
-15.7 3.1 68.0
-16.3 1.6 72.6
-18.0 -15.3 78.4
-14.6 4.4 87.9
-11.6 -0.6 96.6
-14.8 -6.0 99.9
-13.3 5.3 107.4
-15.5 -4.6 107.9
-16.2 3.2 120.3
1.3 -4.3 145.1
-9.3 2.3 135.7
-14.6 1.4 142.2
-14.6 1.5 146.8
-11.1 5.7 152.4
-7.0 -9.8 163.6
-6.7 1.8 164.5
-5.0 -5.0 172.2
-6.7 -3.3 177.2
-2.1 -2.0 184.4
-6.5 2.6 189.0
1.3 -1.3 194.8
-0.3 4.2 199.7
1.5 -7.8 195.5
6.4 3.3 191.7
6.1 -1.3 184.4
4.2 0.7 177.0
8.7 7.4 171.2
9.7 1.9 165.2
10.4 3.5 158.5
1.5 10.0 154.4
11.4 7.6 148.0
3.5 9.1 141.5
11.6 4.7 135.9
12.7 10.7 127.7
10.8 11.4 118.0
9.6 10.4 113.9
11.1 11.1 107.8
14.4 15.7 95.8
10.4 21.5 92.1
12.7 16.8 85.1
10.9 16.7 83.5
6.3 18.2 74.1
4.3 19.0 67.7
0.8 8.3 64.1
-6.9 7.5 59.4
4.1 1.8 47.7
11.0 5.7 40.6
3.7 -0.3 39.6
16.0 -6.6 32.5
-40.7 -23.1 31.4
15.2 -11.1 41.2
12.7 -10.2 49.6
10.8 -8.9 57.8
14.3 0.1 63.9
12.6 -17.1 62.6
8.5 -4.5 75.6
14.8 -5.8 85.0
9.8 -1.8 87.4
10.4 0.9 94.8
9.4 -5.7 99.6
14.1 -1.5 111.8
9.0 2.6 114.3
14.0 -4.5 124.6
11.3 2.5 128.8
10.8 1.0 137.6
13.0 1.9 143.8
7.6 -7.1 152.6
10.6 -6.8 156.6
7.2 -6.9 163.3
6.5 -1.5 172.8
10.1 0.5 175.6
7.0 -1.6 182.9
8.7 -0.7 194.2
6.7 2.9 188.4
4.1 1.5 186.6
-3.0 1.4 178.4
-5.1 8.3 175.6
-2.6 2.7 164.3
0.9 4.5 157.1
-11.3 9.7 151.0
-3.4 8.7 142.6
-9.9 7.1 139.6
-8.9 12.4 132.7
-4.3 8.1 124.0
-4.6 9.4 118.2
-11.4 5.7 109.1
-13.4 12.8 103.9
-12.9 10.4 95.2
-11.7 16.4 86.9
-9.4 21.5 88.2
-13.8 10.0 79.3
-12.6 8.3 70.1
-11.8 15.9 60.3
-12.6 9.5 58.4
-11.6 10.4 50.0
-9.5 16.4 40.2
-1.6 16.7 40.6
-5.7 19.5 39.8
5.9 23.4 54.6
2.1 28.3 57.5
-4.0 21.2 66.7
6.8 24.8 75.3
8.4 13.2 78.4
2.4 19.4 85.7
0.5 19.9 91.9
5.4 13.5 95.3
-0.9 15.1 103.2
-0.4 12.9 109.8
-2.4 20.1 117.5
-0.6 21.2 125.7
-1.0 24.5 129.2
-2.0 22.7 136.5
2.4 21.4 145.5
-8.8 16.8 155.0
-2.5 15.4 157.1
-6.8 17.5 167.5
-1.7 17.4 172.6
-7.5 10.1 174.2
-8.4 4.3 179.7
-8.7 0.2 172.1
-9.8 -7.3 171.0
-4.1 -7.5 174.1
-0.6 -14.0 167.5
13.6 -2.1 169.2
12.7 -13.2 169.1
20.3 -12.5 161.4
24.2 -7.9 154.3
18.0 -11.3 147.3
21.6 -11.5 138.5
25.5 -8.7 128.4
17.6 -8.5 124.0
12.1 -7.2 130.3
16.9 -5.4 112.7
17.9 -13.7 106.4
20.6 -5.3 98.8
23.3 -7.3 90.2
27.4 -6.4 84.6
21.6 -11.6 76.7
19.7 -11.5 69.3
14.7 -4.3 66.9
19.7 -7.1 52.8
19.5 2.9 60.5
24.0 2.1 48.9
18.3 -3.3 42.9
17.5 4.9 39.3
26.8 1.9 35.9
17.4 4.2 30.0
22.7 6.7 22.7
21.2 2.1 47.4
24.2 14.7 39.1
18.0 14.2 35.6
22.8 23.4 36.2
10.1 20.7 36.3
15.5 21.9 37.0
15.1 20.9 50.1
24.5 31.1 54.9
18.0 21.8 63.6
25.8 29.3 64.6
27.2 27.3 71.7
22.7 20.9 77.1
27.2 25.0 84.2
29.0 18.8 90.0
22.8 20.4 97.5
28.7 21.6 103.7
20.3 18.2 112.6
26.0 15.7 117.1
17.6 16.5 124.9
22.1 12.7 127.0
20.7 18.2 139.2
19.2 10.2 141.4
23.0 10.0 148.6
17.6 13.6 156.2
15.2 3.6 163.3
13.2 1.1 167.4
14.6 -0.9 176.4
11.2 -5.7 175.8
0.9 -12.6 174.8
-4.0 -6.7 175.2
-13.4 -11.8 172.3
-3.7 0.2 84.9
1.7 -0.2 83.4
-13.9 -16.5 154.8
-9.1 -14.0 148.4
-12.3 -18.0 144.3
-25.0 -11.5 135.8
-3.3 -16.9 147.3
-20.0 -21.3 123.7
-16.2 -18.1 112.7
-31.1 -20.1 106.1
-40.2 -11.8 70.3
-19.6 -23.8 93.7
-27.0 -19.4 91.4
-20.6 -14.6 82.7
-18.5 -22.0 71.6
-23.5 -23.2 67.5
-25.5 -19.3 58.9
-24.6 -15.6 47.6
-19.6 -19.2 45.8
-13.7 -33.1 39.0
-5.6 -35.1 48.9
-10.4 -41.9 42.2
1.4 -37.3 51.4
-3.5 -48.8 63.5
6.5 -36.2 62.0
0.7 -33.4 70.7
11.8 -27.5 74.3
-1.5 -30.3 84.6
5.5 -24.3 92.5
7.6 -32.1 101.9
7.6 -8.8 110.3
9.4 -11.4 138.1
13.4 -18.7 123.3
8.1 -25.2 124.7
4.7 -20.6 139.5
3.9 -18.4 149.2
9.3 -21.5 147.3
5.5 -16.4 159.1
2.0 -18.7 177.0
-3.4 -19.9 167.1
1.8 -10.0 159.9
-12.8 -7.9 164.5
-10.8 -3.8 156.8
-17.3 0.2 155.7
-18.7 3.2 146.9
-10.4 1.4 138.0
-18.8 6.5 139.2
-21.4 9.7 133.6
-16.5 11.7 139.0
-20.0 16.4 125.5
-33.1 21.5 122.0
-25.9 13.5 120.4
-33.4 7.4 119.3
-26.6 1.5 114.0
-33.2 -5.6 109.8
-24.2 -10.2 108.6
-33.3 -19.4 103.0
-35.5 -14.8 92.0
-22.4 -6.8 89.2
-38.4 -0.9 92.8
-28.0 5.9 94.9
-33.3 24.2 82.0
-31.8 20.7 77.2
-24.4 12.4 69.6
-31.6 8.6 63.8
-20.0 5.9 59.1
-22.6 -34.1 30.1
-10.0 10.0 46.3
-12.7 19.1 50.4
-22.4 28.3 29.7
-19.0 -31.5 16.6
-13.8 30.3 41.5
-15.6 26.1 49.0
-20.6 27.7 55.8
-14.5 28.7 62.6
-24.3 30.2 72.1
-23.1 30.6 80.4
-11.9 31.0 84.1
-8.2 24.3 88.7
-12.6 24.9 102.7
-0.5 24.3 104.8
-0.7 17.9 113.6
1.4 25.8 118.8
8.0 18.8 124.8
6.3 27.6 133.6
2.7 24.4 139.5
6.0 24.4 148.4
-0.6 18.4 152.4
4.5 12.0 157.7
6.7 15.7 167.3
0.1 15.5 174.6
5.4 9.7 180.5
14.7 11.4 173.8
15.7 2.3 172.2
18.4 5.3 163.4
15.5 -2.9 164.3
14.0 -7.8 153.4
26.1 1.7 154.9
28.1 -1.4 147.8
26.0 8.4 142.4
26.6 -1.0 132.2
27.9 11.7 129.8
31.3 8.8 119.6
34.6 17.1 118.1
32.9 16.5 109.0
28.5 25.9 111.6
17.8 25.4 106.1
15.0 32.0 103.7
18.5 26.7 90.3
2.7 31.7 96.8
2.5 30.9 84.4
7.5 42.5 81.5
7.5 33.3 73.4
12.5 37.0 64.7
12.7 46.1 61.9
0.7 38.2 65.2
-7.2 43.3 58.1
2.3 36.3 51.8
8.0 29.1 55.6
18.8 28.7 68.8
21.9 34.1 75.0
18.3 38.2 85.3
29.0 31.5 86.8
32.8 38.2 78.4
30.9 30.1 67.2
43.9 33.3 67.1
39.1 31.9 54.2
46.7 23.1 58.1
38.0 17.1 63.3
44.4 19.0 73.2
38.6 14.3 78.3
33.8 14.7 93.2
43.3 14.1 93.6
38.7 7.7 105.4
42.6 16.4 109.2
36.2 12.5 117.9
37.3 8.9 125.7
29.2 9.0 132.4
30.6 3.4 142.6
24.4 6.7 148.9
25.1 1.6 153.4
19.9 3.8 163.1
18.3 -3.9 168.8
7.1 -5.9 165.7
9.4 -11.9 172.6
2.7 -19.3 163.1
-1.2 -12.6 158.9
0.3 -19.9 152.9
2.2 -14.4 145.9
2.5 -15.4 136.0
6.4 -21.2 132.9
6.5 -9.6 148.3
-1.5 -28.5 118.3
3.0 -33.3 105.4
-4.7 -38.4 105.8
-0.7 -37.1 95.6
-5.0 -31.6 83.5
-7.6 -37.5 80.7
-8.8 -27.3 77.5
-20.0 -21.2 65.6
-15.4 -35.7 61.3
-16.8 -41.5 68.7
-3.8 -32.8 77.6
-5.1 -23.0 70.0
-1.9 -31.7 62.2
13.2 6.9 104.3
12.8 -15.7 57.4
8.9 -15.9 70.4
25.9 -12.8 68.7
9.2 3.8 105.7
20.0 -27.1 74.0
20.1 -27.0 85.0
14.9 -22.3 92.5
23.6 -22.4 98.7
20.1 -22.6 112.7
29.4 -20.6 108.4
26.0 -12.5 102.4
32.0 -8.1 97.1
24.6 -5.0 90.8
34.2 -5.5 83.2
34.8 -4.0 73.3
30.6 -3.3 67.5
31.7 -6.9 58.6
25.1 2.4 57.6
37.2 8.3 48.3
22.2 11.3 46.8
27.4 32.7 49.0
21.3 18.3 37.3
9.5 16.9 38.7
8.2 29.2 31.2
-3.4 -28.0 18.9
3.5 28.9 40.5
-12.5 25.6 43.3
-4.3 34.7 40.5
-14.4 41.1 42.0
-15.6 34.6 49.3
-12.7 37.0 59.6
-1.3 38.3 65.2
-7.2 28.3 71.2
-9.0 32.2 79.5
-2.6 28.9 91.5
-10.3 28.3 96.1
-3.5 28.1 105.6
-8.4 30.4 111.9
-13.0 25.0 110.3
-17.9 18.2 106.5
-25.4 11.2 109.6
-25.2 7.2 95.8
-33.3 6.3 92.5
-39.9 11.7 91.4
-47.8 7.7 94.2
-42.1 3.3 88.0
-53.3 18.1 79.1
-43.4 -0.1 67.4
-56.4 -35.8 38.5
-49.7 3.8 59.5
-42.1 -34.0 39.0
-41.2 9.8 63.6
-31.8 3.5 63.0
-33.3 -34.9 36.4
-42.7 17.1 58.3
-37.2 35.3 43.5
-45.9 -26.9 21.0
-35.7 32.7 41.0
-38.8 -37.3 26.5
-25.9 39.0 48.4
-33.6 31.6 52.5
-26.5 21.9 60.1
-32.9 21.2 64.1
-29.5 20.5 74.1
-32.0 32.9 81.6
-34.7 22.5 89.2
-29.3 27.0 95.7
-34.9 32.1 89.5
-16.9 -7.1 68.1
-34.0 28.2 108.6
-30.3 27.6 126.3
-21.8 24.6 123.7
-16.1 30.6 118.5
-4.5 29.8 118.3
-2.8 32.3 120.6
3.4 30.0 109.7
13.8 29.9 104.8
23.5 30.3 103.0
25.0 32.9 108.9
32.7 31.7 107.2
38.5 23.3 105.6
34.3 21.0 96.6
40.7 17.0 92.7
40.5 5.1 92.8
31.5 -1.9 101.3
41.5 -8.3 96.8
32.6 -19.7 96.2
31.3 -20.3 108.7
33.3 -31.9 110.4
30.2 -35.9 111.7
32.8 -37.8 95.9
28.4 -31.7 77.6
39.6 -30.3 84.7
36.5 -24.0 81.7
43.1 -26.7 75.3
41.9 -14.8 70.1
49.3 -14.3 66.9
43.7 -5.0 66.9
53.4 1.9 68.6
49.4 -1.2 57.7
44.8 7.6 56.5
38.6 -0.1 59.9
30.3 10.2 56.1
18.8 0.6 75.7
32.5 -3.3 71.5
39.2 -6.7 76.3
37.1 -10.3 88.3
46.8 -13.4 88.2
44.1 -16.8 96.2
42.5 -13.3 102.0
39.5 -16.4 111.5
33.6 -20.6 119.7
32.3 -21.6 128.9
28.0 -18.4 136.7
27.9 -15.7 142.8
23.8 -14.1 149.8
22.3 -12.7 159.0
14.8 -8.9 167.0
15.7 -4.1 171.1
14.0 -6.0 180.2
12.2 -2.1 185.4
9.6 -4.4 187.0
6.8 0.6 198.3
3.5 2.5 191.3
-6.2 4.6 192.3
-8.2 6.7 187.0
-5.8 5.1 180.3
-3.4 0.8 174.0
-16.5 4.7 169.8
-13.8 0.4 160.0
-22.5 2.7 153.1
-20.9 -9.4 151.5
-27.6 2.5 143.9
-26.7 0.1 134.4
-31.7 2.3 127.9
-37.1 11.0 113.5
-42.3 19.7 99.1
-44.9 11.8 97.5
-41.8 4.6 95.6
-49.8 5.2 89.2
-42.7 6.6 82.6
-51.7 7.6 75.0
-41.2 13.3 64.4
-51.5 -40.2 33.0
-41.9 17.6 53.6
-39.6 -37.7 28.8
-32.0 27.6 49.4
-24.0 35.1 55.7
-19.0 31.6 46.0
-13.1 33.4 60.4
-4.9 41.5 60.9
-2.0 30.4 62.6
8.6 39.5 52.3
