101.823376 209.303607 62.000000 0.0
-19.0 4.4 45.0 1.000
-19.0 9.2 50.5 1.000
-10.5 5.1 66.5 1.000
-11.0 5.4 70.0 1.000
-11.9 5.8 77.9 1.000
-13.3 6.5 85.3 1.000
-8.4 4.1 94.8 1.000
-8.9 4.3 94.3 1.000
-11.6 5.6 103.7 1.000
-9.4 4.6 108.2 1.000
-13.4 6.5 116.6 1.000
9.1 -4.4 180.8 1.000
-8.9 4.3 133.7 1.000
-9.9 4.8 137.0 1.000
-10.0 4.8 142.0 1.000
-10.0 4.9 149.9 1.000
-2.4 1.2 156.6 0.876
-6.0 2.9 160.8 1.000
-0.7 0.3 166.3 1.000
-5.0 2.4 172.3 0.876
1.0 -0.5 178.3 1.000
-4.8 2.3 184.7 1.000
3.2 -1.6 191.2 1.000
-1.5 0.7 199.1 0.876
5.9 -2.9 195.4 0.876
4.6 -2.2 193.7 1.000
6.4 -3.1 183.3 1.000
4.2 -2.0 174.8 1.000
5.5 -2.7 173.8 1.000
7.8 -3.8 165.4 1.000
7.8 -3.8 159.4 1.000
-5.1 2.5 159.4 1.000
7.4 -3.6 149.0 1.000
0.7 -0.4 143.0 1.000
6.6 -3.2 137.6 1.000
7.1 -3.4 129.6 1.000
5.3 -2.6 120.7 1.000
4.0 -1.9 116.2 1.000
5.4 -2.6 108.8 1.000
5.8 -2.8 99.8 1.000
0.5 -0.2 93.4 1.000
5.9 -2.9 85.4 1.000
2.8 -1.3 85.9 1.000
-2.5 1.2 73.0 1.000
-3.9 1.9 68.5 1.000
-1.6 0.8 64.0 1.000
-3.4 1.6 57.6 1.000
2.0 -1.0 48.7 1.000
6.5 -3.2 40.3 1.000
2.5 -1.2 40.7 1.000
15.0 -7.3 32.8 1.000
9.1 -4.4 180.8 13.531
15.0 -7.3 40.8 1.000
12.7 -6.2 50.2 1.000
13.2 -6.4 56.7 1.000
10.0 -4.9 67.6 1.000
14.9 -7.3 58.7 1.000
8.2 -4.0 75.5 1.000
14.4 -7.0 86.0 1.000
9.5 -4.6 85.9 1.000
8.5 -4.2 95.4 1.000
9.9 -4.8 99.4 1.000
12.5 -6.1 112.3 1.000
6.7 -3.2 115.7 1.000
13.8 -6.7 126.2 1.000
8.8 -4.3 129.1 1.000
10.2 -4.9 136.1 1.000
10.6 -5.1 144.5 1.000
9.2 -4.5 150.0 1.000
13.2 -6.4 154.5 1.000
9.2 -4.5 161.4 1.000
6.4 -3.1 172.3 1.000
8.7 -4.2 174.8 1.000
8.2 -4.0 182.8 1.000
7.7 -3.7 194.2 1.000
5.5 -2.7 189.7 1.000
3.7 -1.8 186.7 1.000
-2.1 1.0 176.8 1.000
-6.1 3.0 176.2 1.000
-2.0 1.0 163.3 1.000
-2.0 1.0 159.4 1.000
-12.7 6.2 149.4 1.000
-6.0 2.9 144.5 1.000
-12.2 5.9 140.5 1.000
-12.6 6.1 134.5 1.000
-5.9 2.9 124.1 1.000
-7.2 3.5 119.1 1.000
-11.2 5.4 110.7 1.000
-14.7 7.2 104.7 1.000
-14.2 6.9 94.8 1.000
-16.4 8.0 85.3 1.000
-17.3 8.4 85.8 1.000
-15.5 7.5 78.9 1.000
-14.1 6.9 69.9 1.000
-16.8 8.2 59.0 1.000
-15.0 7.3 59.0 1.000
-15.8 7.7 46.6 1.000
-13.6 6.6 42.1 1.000
-8.2 4.0 39.7 1.000
-12.2 5.9 39.7 1.000
-5.1 2.5 53.1 1.000
-11.4 5.5 58.0 1.000
-13.2 6.4 67.5 1.000
-3.9 1.9 74.0 1.000
0.6 -0.3 78.5 1.000
-5.3 2.6 86.9 1.000
-7.1 3.4 92.3 1.000
-1.7 0.8 97.8 1.000
-7.6 3.7 105.7 1.000
-5.4 2.6 112.2 1.000
-8.1 3.9 121.1 1.000
-8.3 4.1 129.1 0.876
-10.8 5.3 136.5 1.000
-8.4 4.1 141.0 0.876
-6.4 3.1 149.9 1.000
-10.5 5.1 156.9 1.000
-7.1 3.5 161.3 0.876
-11.9 5.8 171.7 1.000
-7.0 3.4 176.2 1.000
-9.9 4.8 175.2 0.876
-7.9 3.8 179.2 1.000
-6.5 3.2 169.8 1.000
-4.3 2.1 164.3 1.000
0.6 -0.3 166.3 1.000
5.6 -2.7 161.4 1.000
12.7 -6.2 168.9 1.000
9.1 -4.4 180.8 1.000
21.2 -10.3 159.5 1.000
23.5 -11.4 153.1 1.000
19.5 -9.5 144.6 1.000
21.3 -10.4 138.1 1.000
24.5 -11.9 129.7 1.000
18.7 -9.1 124.2 1.000
6.7 -3.3 146.4 1.000
14.3 -6.9 112.8 1.000
19.2 -9.3 104.9 1.000
18.8 -9.1 98.9 1.000
21.1 -10.2 89.5 1.000
22.9 -11.1 84.0 1.000
22.0 -10.7 76.1 1.000
9.1 -4.4 180.8 5.851
12.2 -5.9 69.6 1.000
19.4 -9.5 53.2 1.000
14.5 -7.0 60.2 1.000
19.9 -9.7 49.3 1.000
15.9 -7.7 45.8 1.000
11.9 -5.8 37.8 1.000
21.7 -10.6 35.9 1.000
12.4 -6.0 28.4 1.000
16.0 -7.8 19.9 1.000
15.4 -7.5 48.2 1.000
14.6 -7.1 36.3 1.000
8.3 -4.1 35.3 1.000
11.0 -5.4 31.8 1.000
0.3 -0.1 34.3 1.000
4.3 -2.1 37.8 1.000
4.7 -2.3 47.2 1.000
11.4 -5.5 53.7 1.000
6.9 -3.3 62.1 1.000
11.8 -5.7 65.1 1.000
13.5 -6.6 73.6 1.000
11.7 -5.7 78.5 1.000
14.8 -7.2 87.0 1.000
17.9 -8.7 93.4 1.000
11.2 -5.4 102.3 1.000
16.1 -7.8 108.3 1.000
10.7 -5.2 115.3 1.000
17.3 -8.4 123.7 1.000
8.8 -4.3 130.6 1.000
14.6 -7.1 133.1 1.000
10.6 -5.1 146.0 1.000
12.8 -6.2 147.0 1.000
16.3 -7.9 156.0 1.000
10.5 -5.1 166.4 1.000
11.8 -5.7 165.9 1.000
10.9 -5.3 168.4 1.000
13.6 -6.6 176.8 1.000
12.7 -6.2 175.8 1.000
6.4 -3.1 167.9 1.000
0.2 -0.1 170.8 1.000
-5.1 2.5 164.8 1.000
-6.5 3.1 160.3 1.000
-9.3 4.5 151.6 1.000
-4.2 2.0 147.9 1.000
-1.5 0.7 142.0 1.000
-3.2 1.6 134.5 1.000
-23.3 11.3 124.5 1.000
9.1 -4.4 180.8 1.000
-6.7 3.3 114.7 1.000
-4.9 2.4 107.2 1.000
-10.7 5.2 102.7 1.000
-14.7 7.1 89.3 1.000
-2.2 1.1 91.4 1.000
-12.4 6.0 87.3 1.000
-9.3 4.5 80.4 1.000
-8.3 4.1 74.9 1.000
-8.3 4.0 62.0 1.000
-12.3 6.0 59.0 1.000
-14.3 7.0 37.3 1.000
-6.0 2.9 45.2 1.000
1.6 -0.8 42.7 1.000
7.8 -3.8 49.7 1.000
6.0 -2.9 54.2 1.000
14.9 -7.3 56.2 1.000
9.1 -4.4 180.8 8.417
16.7 -8.1 61.7 1.000
11.8 -5.7 70.1 1.000
17.5 -8.5 75.1 1.000
6.4 -3.1 81.5 1.000
16.2 -7.9 88.5 1.000
17.0 -8.3 97.4 1.000
14.3 -7.0 105.3 1.000
9.1 -4.4 180.8 1.000
12.0 -5.8 125.7 1.000
18.3 -8.9 110.3 1.000
11.5 -5.6 133.6 1.000
7.4 -3.6 145.5 1.000
20.0 -9.7 128.7 1.000
11.9 -5.8 155.0 1.000
9.1 -4.4 180.8 1.000
5.1 -2.5 159.9 1.000
3.8 -1.9 156.9 1.000
-3.8 1.9 163.3 1.000
-6.0 2.9 149.4 1.000
-11.4 5.5 156.8 1.000
-15.8 7.7 143.4 1.000
-12.6 6.1 139.5 1.000
-20.2 9.8 136.9 1.000
-15.7 7.6 128.0 1.000
-22.0 10.7 132.5 1.000
-24.2 11.8 119.5 1.000
-34.4 16.8 122.0 1.000
-25.1 12.2 120.0 1.000
-26.8 13.1 119.0 1.000
-20.1 9.8 113.1 1.000
-22.3 10.9 105.6 1.000
-14.7 7.2 103.2 1.000
-16.9 8.2 98.7 1.000
-20.9 10.2 89.3 1.000
-16.0 7.8 88.8 1.000
-27.6 13.4 91.2 1.000
-24.1 11.7 93.2 1.000
-31.2 15.2 84.7 1.000
-26.2 12.8 78.3 1.000
-24.8 12.1 70.4 1.000
-29.3 14.2 62.9 1.000
-18.1 8.8 60.0 1.000
-23.4 11.4 49.5 1.000
-15.4 7.5 46.6 1.000
-19.8 9.6 45.6 1.000
-27.8 13.5 25.2 0.888
-31.8 15.5 27.6 1.000
-25.2 12.2 38.6 1.000
-22.5 11.0 49.5 1.000
-33.3 16.2 54.9 1.000
-24.4 11.9 61.4 1.000
-32.5 15.8 73.3 1.000
-30.7 14.9 82.3 1.000
-24.0 11.7 84.8 1.000
-16.9 8.2 91.8 1.000
-21.0 10.2 109.6 1.000
-10.7 5.2 106.7 1.000
-7.6 3.7 115.7 1.000
-9.0 4.4 122.6 1.000
-1.0 0.5 131.6 1.000
-7.3 3.5 143.0 1.000
-4.6 2.2 144.5 1.000
-5.8 2.8 158.1 0.824
-6.9 3.4 157.4 1.000
-0.7 0.3 161.9 1.000
0.2 -0.1 174.3 1.000
-5.4 2.6 179.2 0.876
1.7 -0.8 184.7 0.876
10.0 -4.8 182.8 1.000
12.7 -6.2 174.3 1.000
13.6 -6.6 168.4 1.000
9.1 -4.4 180.8 1.000
13.6 -6.6 154.0 1.000
22.1 -10.8 157.0 1.000
24.8 -12.1 149.6 1.000
19.9 -9.7 148.1 1.000
24.4 -11.9 137.2 1.000
20.4 -9.9 137.6 1.000
24.0 -11.7 123.8 1.000
24.9 -12.1 125.3 1.000
22.7 -11.1 113.8 1.000
14.7 -7.1 118.3 1.000
5.3 -2.6 111.3 1.000
-0.9 0.4 111.2 1.000
2.3 -1.1 97.3 1.000
-11.6 5.6 101.7 1.000
-11.5 5.6 87.3 1.000
-12.9 6.3 84.8 1.000
-8.8 4.3 76.4 1.000
-6.1 3.0 64.5 1.000
-11.4 5.6 59.5 1.000
-24.8 12.1 64.4 1.000
-26.1 12.7 57.0 1.000
-14.9 7.3 49.6 1.000
-6.0 2.9 53.6 1.000
4.0 -1.9 68.8 0.824
5.9 -2.9 78.5 1.000
-0.4 0.2 88.9 1.000
14.7 -7.2 92.3 0.846
16.0 -7.8 82.5 0.876
17.1 -8.3 65.6 1.000
28.3 -13.8 67.7 1.000
23.9 -11.6 52.3 1.000
34.2 -16.6 54.8 1.000
27.4 -13.3 62.7 1.000
32.3 -15.7 72.7 1.000
29.1 -14.2 79.6 1.000
26.4 -12.8 91.0 1.000
34.4 -16.7 97.5 1.000
30.4 -14.8 108.4 1.000
33.9 -16.5 114.9 1.000
28.1 -13.7 122.8 1.000
31.6 -15.4 131.2 1.000
21.3 -10.4 136.7 1.000
26.2 -12.7 146.1 1.000
19.0 -9.2 152.5 1.000
21.2 -10.3 156.5 1.000
15.8 -7.7 166.9 1.000
17.2 -8.3 168.4 1.000
8.7 -4.2 163.9 1.000
9.1 -4.4 180.8 1.000
5.6 -2.7 159.4 0.914
5.2 -2.5 153.0 1.000
7.0 -3.4 144.5 1.000
7.9 -3.8 142.0 1.000
7.9 -3.9 131.1 1.000
12.9 -6.3 126.7 1.000
9.1 -4.4 180.8 1.000
9.8 -4.8 111.3 1.000
13.9 -6.7 102.4 1.000
9.9 -4.8 99.4 1.000
11.7 -5.7 91.9 1.000
9.1 -4.4 75.0 1.000
9.1 -4.4 180.8 5.327
7.3 -3.5 76.0 1.000
-4.8 2.3 69.0 1.000
9.1 -4.4 180.8 6.305
8.6 -4.2 71.5 1.000
8.6 -4.2 76.5 1.000
4.6 -2.2 69.0 1.000
9.6 -4.7 60.6 1.000
9.1 -4.4 180.8 1.000
16.3 -7.9 59.2 1.000
13.1 -6.4 69.6 1.000
27.4 -13.3 70.6 1.000
9.1 -4.4 180.8 1.000
25.6 -12.4 73.6 1.000
25.8 -12.5 83.6 0.876
19.3 -9.4 91.0 1.000
26.4 -12.8 97.5 1.000
24.3 -11.8 115.8 0.876
30.4 -14.8 105.9 1.000
22.8 -11.1 102.4 1.000
30.0 -14.6 98.5 1.000
22.4 -10.9 91.0 1.000
30.9 -15.0 84.1 1.000
30.5 -14.8 74.1 1.000
9.1 -4.4 180.8 7.125
27.4 -13.3 60.2 1.000
19.4 -9.4 57.2 1.000
30.2 -14.7 40.4 0.967
14.5 -7.1 46.3 1.000
15.5 -7.5 40.3 1.000
11.5 -5.6 33.8 1.000
1.2 -0.6 37.2 1.000
-5.5 2.7 27.3 1.000
-12.2 5.9 29.7 1.000
-10.0 4.9 38.7 1.000
-21.6 10.5 42.1 1.000
-18.5 9.0 36.2 1.000
-32.8 15.9 39.1 1.000
-27.4 13.3 46.5 1.000
-29.7 14.5 58.4 1.000
-17.7 8.6 65.9 1.000
-18.6 9.1 72.4 1.000
-23.1 11.2 82.8 1.000
-14.7 7.1 92.8 1.000
-22.7 11.1 98.2 1.000
-15.2 7.4 110.2 1.000
-20.1 9.8 117.1 1.000
-17.0 8.3 118.6 1.000
-21.9 10.6 106.6 1.000
-23.7 11.5 109.1 1.000
-23.6 11.5 97.7 1.000
-27.6 13.4 90.7 1.000
-35.2 17.1 90.2 1.000
-37.0 18.0 95.1 1.000
-32.1 15.6 87.2 1.000
-40.1 19.5 80.7 1.000
-32.0 15.5 59.9 0.866
-42.3 20.6 69.8 1.000
-39.1 19.0 60.4 1.000
-29.7 14.5 67.4 1.000
-36.0 17.5 64.4 1.000
-26.2 12.7 63.9 1.000
-38.9 18.9 61.4 0.876
-41.3 20.1 60.4 1.000
-36.8 17.9 45.0 1.000
9.1 -4.4 180.8 14.996
-44.4 21.6 38.5 1.000
-50.7 24.6 47.9 1.000
-38.2 18.6 50.9 1.000
-40.0 19.4 51.9 1.000
-30.2 14.7 60.4 1.000
-40.0 19.5 61.4 1.000
-34.7 16.9 74.8 1.000
-41.4 20.2 83.7 1.000
-37.0 18.0 89.2 1.000
-35.2 17.1 95.7 1.000
-36.2 17.6 104.6 1.000
-33.5 16.3 112.0 1.000
-35.3 17.2 121.5 1.000
-33.1 16.1 127.9 1.000
-27.3 13.3 127.5 1.000
-27.3 13.3 123.5 1.000
-16.1 7.9 123.6 1.000
-17.0 8.3 127.0 1.000
-9.0 4.4 115.2 1.000
-1.4 0.7 111.2 1.000
8.9 -4.3 109.8 1.000
9.8 -4.7 122.2 1.000
20.1 -9.8 109.8 1.000
27.7 -13.5 108.9 1.000
22.4 -10.9 98.9 1.000
30.4 -14.8 92.5 1.000
33.6 -16.3 92.0 1.000
29.1 -14.1 98.5 1.000
37.1 -18.1 97.0 1.000
35.8 -17.4 93.0 1.000
33.0 -16.1 106.9 1.000
38.0 -18.5 105.0 1.000
36.2 -17.6 107.9 1.000
39.8 -19.4 98.0 1.000
34.4 -16.8 91.5 1.000
41.2 -20.0 83.6 1.000
37.2 -18.1 81.6 1.000
43.5 -21.1 73.2 1.000
39.0 -19.0 70.7 1.000
48.0 -23.3 64.8 1.000
39.0 -19.0 65.2 1.000
46.6 -22.7 67.3 1.000
43.1 -21.0 57.3 1.000
9.1 -4.4 180.8 9.110
34.1 -16.6 62.2 1.000
22.1 -10.7 57.7 1.000
18.4 -9.0 74.1 1.000
27.4 -13.3 74.6 1.000
35.4 -17.2 77.6 1.000
34.9 -17.0 89.1 1.000
44.3 -21.5 88.6 1.000
40.7 -19.8 98.0 1.000
38.6 -18.8 105.2 0.824
38.8 -18.9 112.9 1.000
35.2 -17.1 117.9 1.000
34.3 -16.7 125.8 1.000
29.8 -14.5 134.2 1.000
31.1 -15.1 137.7 1.000
25.7 -12.5 148.1 1.000
18.1 -8.8 166.6 1.000
21.2 -10.3 160.0 1.000
9.1 -4.4 180.8 1.000
9.1 -4.4 180.8 1.000
10.8 -5.3 185.8 1.000
9.1 -4.4 180.8 1.000
5.9 -2.8 203.1 1.000
3.2 -1.6 190.7 1.000
-4.8 2.3 192.1 1.000
-8.8 4.3 186.7 1.000
-6.1 3.0 181.2 1.000
9.1 -4.4 180.8 1.000
-14.1 6.9 167.8 1.000
-11.4 5.5 156.8 1.000
-17.1 8.3 148.9 1.000
-14.9 7.2 143.4 1.000
-22.0 10.7 140.4 1.000
-20.2 9.8 130.5 1.000
-24.6 12.0 123.5 1.000
-29.5 14.4 117.5 1.000
-33.1 16.1 110.1 1.000
9.1 -4.4 180.8 3.224
-32.1 15.6 94.7 1.000
-37.4 18.2 87.7 1.000
-34.3 16.7 82.2 1.000
-42.3 20.6 74.3 1.000
-37.8 18.4 64.9 1.000
-46.7 22.7 62.3 1.000
-40.9 19.9 54.4 1.000
-45.8 22.3 53.9 1.000
-37.7 18.3 50.0 1.000
-35.1 17.1 53.9 1.000
-32.8 16.0 47.0 1.000
-28.4 13.8 61.9 1.000
-25.7 12.5 58.5 1.000
-11.9 5.8 67.0 1.000
-12.7 6.2 47.1 1.000
