230.000000 50.000000 90.000000
-3.400978 15.644501 112.142800
-1.359500 6.253698 180.629092
-1.359500 6.253698 180.629092
0.945497 -4.349284 154.733031
-4.439888 20.423483 67.795730
-1.971252 9.067760 71.056482
-1.886757 8.679083 72.950804
-2.131547 9.805118 78.544563
-1.774617 8.163240 83.776250
-1.804938 8.302713 87.529211
-1.053177 4.844616 93.301382
-2.136898 9.829731 103.912733
-1.501068 6.904911 99.328579
-1.711748 7.874040 100.700257
-0.538628 2.477687 103.729073
-1.484793 6.830048 109.667063
-1.342333 6.174732 116.739548
-1.744743 8.025819 117.137303
-0.942598 4.335952 129.025877
-2.076704 9.552837 133.520825
-0.638729 2.938151 140.825246
-2.175244 10.006122 145.717948
-0.733479 3.374002 152.553249
-1.779299 8.184776 158.473398
-0.835809 3.844722 165.219492
-1.870259 8.603194 169.732281
-1.432625 6.590073 177.327410
-0.278454 1.280890 182.701826
0.434291 -1.997738 180.950234
0.211126 -0.971179 171.514308
0.169436 -0.779405 176.674629
-0.195074 0.897341 172.381183
0.512766 -2.358725 158.883747
-0.932789 4.290829 152.517566
1.953417 -8.985717 153.504083
0.139562 -0.641983 143.313576
-0.121503 0.558915 138.568851
1.322937 -6.085511 132.720067
1.563937 -7.194112 127.595428
2.517683 -11.581340 120.719198
-0.138893 0.638907 116.015402
3.402093 -15.649629 110.072165
2.263083 -10.410182 102.821268
3.534744 -16.259821 93.652960
1.993323 -9.169288 86.799818
3.219504 -14.809717 83.260952
1.681874 -7.736618 75.938690
5.544565 -25.504998 67.234255
2.662149 -12.245886 65.778618
3.726919 -17.143830 57.512869
3.868265 -17.794017 52.370389
3.257850 -14.986109 41.455737
2.866810 -13.187325 40.446131
4.433645 -20.394768 31.800468
6.603316 -30.375252 35.007696
7.672991 -35.295758 38.487791
7.413041 -34.099987 45.958031
6.850335 -31.511542 53.843867
8.587276 -39.501467 61.201811
7.035600 -32.363760 67.970994
7.185640 -33.053944 74.105238
7.830165 -36.018758 80.797809
8.961595 -41.223337 88.986946
7.923355 -36.447431 93.968855
5.999589 -27.598110 97.382832
5.724479 -26.332602 106.729553
6.683129 -30.742393 111.599166
5.629728 -25.896751 118.457556
5.718013 -26.302862 119.882757
5.010173 -23.046796 133.380194
4.274688 -19.663563 137.946506
3.213707 -14.783053 145.743136
2.700272 -12.421252 147.530410
3.042042 -13.993393 154.638577
3.081057 -14.172862 162.162340
1.460046 -6.716213 165.160721
0.901131 -4.145203 172.577437
1.135666 -5.224063 180.606003
-0.765359 3.520654 181.205259
-1.298859 5.974753 173.123170
-2.280250 10.489148 171.068277
-2.441660 11.231634 166.341393
-3.204790 14.742032 161.976581
-3.132779 14.410785 153.063299
-2.585234 11.892077 147.053944
-4.636299 21.326977 141.518956
-4.173249 19.196946 133.615279
-4.242584 19.515887 129.844476
-5.189864 23.873375 123.567502
-5.339904 24.563559 117.433258
-7.011299 32.251977 114.315236
-7.138599 32.837556 105.366271
-7.207934 33.156497 101.595468
-7.553494 34.746072 94.956421
-7.504224 34.519430 88.857860
-8.761839 40.304460 83.934722
-7.505339 34.524557 76.642895
-8.847449 40.698264 69.825436
-7.000598 32.202751 63.578896
-7.974408 36.682278 60.585763
-7.020663 32.295049 53.709532
-7.983103 36.722274 49.309039
-7.837968 36.054652 43.697438
-6.784567 31.209010 36.839049
-8.217638 37.801134 41.280473
-9.378273 43.140057 49.059261
-9.607903 44.196356 52.776539
-9.519618 43.790245 54.201741
-10.204719 46.941707 64.884457
-8.839869 40.663396 68.887195
-8.701199 40.025515 76.428800
-9.716699 44.696816 78.595988
-8.064254 37.095568 84.059611
-8.500774 39.103561 88.679447
-7.373134 33.916416 97.337705
-7.636874 35.129622 105.277064
-8.007850 36.836108 114.136823
-6.919224 31.828432 115.271317
-6.060229 27.877055 120.123090
-4.633624 21.314671 128.834871
-5.675655 26.108011 134.285900
-4.498744 20.694224 136.845596
-5.555935 25.557300 144.173105
-4.382815 20.160947 147.201921
-4.458615 20.509628 156.584324
-3.404100 15.658858 161.940899
-3.756125 17.278174 168.455057
-2.874390 13.222193 170.492109
-1.413674 6.502903 174.981809
-1.581550 7.275129 183.408130
-0.048824 0.224592 178.984548
2.450131 -11.270604 178.492339
2.131101 -9.803067 168.569451
2.061767 -9.484126 164.798649
2.099667 -9.658467 160.107447
4.123087 -18.966201 156.711311
2.991657 -13.761623 148.522174
3.999577 -18.398056 147.293226
4.267108 -19.628695 138.884746
4.523268 -20.807032 131.883627
4.909403 -22.583255 121.147388
4.920773 -22.635557 119.740027
4.973833 -22.879634 113.172346
4.241023 -19.508708 105.054573
4.910964 -22.590434 96.248338
4.745764 -21.830514 91.990575
4.676429 -21.511573 88.219772
4.767389 -21.929991 76.960889
4.698054 -21.611050 73.190087
6.176605 -28.412383 63.119222
5.291080 -24.338967 61.551290
5.382040 -24.757384 50.292407
3.530285 -16.239310 44.793101
3.158195 -14.527696 41.437895
0.049939 -0.229719 43.230417
0.168544 -0.775303 40.902658
-0.532831 2.451023 41.246889
-1.785542 8.213491 48.069596
-2.329297 10.714765 53.609831
-2.765817 12.722758 58.229667
-1.848857 8.504742 68.259603
-3.415693 15.712186 76.905266
-3.805618 17.505843 88.110626
-3.702173 17.029996 87.659347
-2.850758 13.113486 93.449360
-1.999343 9.196977 99.239373
-2.784098 12.806852 109.904247
-0.622008 2.861236 114.049716
-2.713649 12.482784 125.890014
-1.831913 8.426802 127.927066
-1.183598 5.444553 134.150516
0.055067 -0.253307 141.419255
-1.991094 9.159032 147.630111
-0.526589 2.422308 151.650691
-0.675514 3.107364 157.731412
-1.633049 7.512027 165.076762
-1.168884 5.376868 169.388050
-0.723669 3.328879 176.044938
0.725676 -3.338109 181.941998
-0.385689 1.774172 183.622225
-0.872595 4.013935 182.125658
-2.344680 10.785527 179.043319
-1.528490 7.031052 176.840448
-3.629940 16.697723 165.189057
-3.913745 18.003226 163.259053
-2.963789 13.633431 156.851943
-4.279369 19.685100 146.750642
-4.356284 20.038908 143.918080
-3.820109 17.572502 139.316085
-4.526389 20.821390 127.914472
-3.971264 18.267813 120.966876
-4.634739 21.319799 116.619906
-4.570309 21.023420 108.644864
-6.602424 30.371150 100.764276
-4.648338 21.382356 93.597337
-5.219738 24.010796 90.206449
-5.377358 24.735848 85.010445
-5.703968 26.238253 76.025797
-7.326093 33.700029 66.809213
-5.819898 26.771530 65.669472
