-25.4 -0.1 55.7
-27.9 0.4 62.2
-17.5 3.1 68.6
-17.7 1.6 73.7
-15.8 -15.3 78.4
-14.6 4.4 89.3
0.9 -22.0 63.8
-15.2 -6.0 100.8
-14.1 5.6 108.6
-16.3 -4.6 107.4
-16.6 3.6 121.4
-11.7 -4.3 129.8
-9.2 2.3 136.5
-1.3 -8.4 80.1
-16.1 1.7 146.8
-12.7 6.7 152.4
-6.2 -9.8 165.2
-6.7 1.8 166.7
-6.4 -4.5 172.2
4.1 6.0 89.8
-3.4 -1.6 184.5
-7.4 3.2 189.4
-0.4 -0.6 194.8
-0.5 4.2 201.6
-1.1 -7.8 195.5
4.9 4.2 191.7
4.5 -0.5 184.4
2.4 1.8 177.0
6.7 8.4 171.2
8.6 2.8 165.2
9.6 3.5 158.5
2.6 10.0 154.4
10.4 8.4 148.9
1.8 9.6 141.5
12.3 4.7 136.6
11.5 11.5 127.7
9.5 11.9 118.0
9.5 10.4 113.9
10.2 11.6 107.8
14.5 15.7 95.5
9.6 21.9 92.1
10.5 17.1 85.1
10.3 16.9 83.5
6.5 18.2 74.4
3.8 19.0 67.7
-0.1 8.3 64.1
-10.4 7.5 59.4
4.7 1.8 47.7
11.5 5.7 40.6
4.5 -0.3 39.6
16.7 -6.6 32.5
-50.0 -23.1 31.4
17.1 -11.1 41.2
14.3 -10.2 49.6
9.7 -8.9 57.8
16.4 0.1 62.7
14.2 -17.1 62.9
8.9 -4.5 75.6
14.6 -5.7 85.0
8.7 -1.6 87.4
9.7 1.1 94.8
9.1 -5.6 99.6
14.1 -1.5 111.8
9.0 2.6 114.3
-39.1 -5.2 86.5
11.0 2.5 128.8
8.6 1.6 137.6
11.7 2.7 143.8
6.2 -6.2 152.6
8.0 -6.7 156.6
6.7 -6.9 163.3
5.9 -1.5 172.8
9.1 1.3 176.2
3.8 -0.7 182.9
8.1 -0.7 194.3
4.7 4.0 188.4
2.5 2.3 186.6
-4.2 2.1 178.4
-6.5 8.8 175.6
-4.0 3.3 164.3
1.1 4.5 157.1
-11.4 9.7 152.3
-3.6 8.7 142.6
-9.6 7.1 139.6
-8.9 12.4 132.7
-5.2 8.3 124.0
-5.5 9.9 118.2
-11.4 5.7 109.1
-14.4 12.8 103.9
-13.4 10.5 95.2
-12.0 16.7 87.5
-9.3 21.5 90.9
-13.7 10.0 79.3
-12.3 8.3 70.1
-11.5 15.9 60.7
-12.0 9.5 58.4
-10.3 10.4 51.5
-9.8 16.4 40.2
-1.6 16.7 40.6
-6.1 19.5 38.6
6.0 23.4 54.6
2.7 28.2 57.5
-3.5 21.2 66.7
5.9 25.0 75.3
9.5 13.2 78.9
1.5 19.6 85.7
-0.5 20.3 91.9
5.6 13.5 95.3
-0.7 15.1 103.2
-0.9 13.1 109.8
-4.7 20.5 117.5
-2.0 21.8 125.7
-2.6 25.3 129.2
5.4 22.5 71.9
1.5 22.5 146.4
-11.4 17.2 155.0
-3.6 15.7 157.1
-7.8 18.0 167.5
-3.7 18.7 172.6
-8.0 10.6 174.5
-9.5 5.0 179.7
-9.4 0.6 172.1
-10.8 -6.6 171.0
-5.2 -6.6 174.8
-0.7 -14.0 167.5
13.0 -2.1 169.2
14.9 -13.2 164.3
-22.4 -8.8 99.4
23.1 -7.7 154.3
16.4 -10.7 147.3
-32.2 -12.3 91.2
25.5 -8.7 128.4
15.5 -8.3 124.0
15.6 -8.1 123.4
18.3 -5.4 112.7
17.9 -13.7 106.4
20.7 -5.3 98.8
24.5 -7.3 90.2
30.8 -6.4 84.6
21.4 -11.5 76.7
23.8 -11.5 67.9
16.5 -4.3 66.1
19.2 -7.1 52.7
20.6 2.9 60.5
23.9 2.1 48.9
18.9 -3.3 41.6
18.6 4.9 39.3
27.9 1.8 35.9
18.3 4.2 30.0
23.7 6.7 22.7
23.3 2.1 46.3
25.2 14.7 39.1
20.2 14.1 35.6
22.4 23.4 36.5
9.8 20.7 36.0
15.5 21.9 36.8
14.9 20.9 50.1
21.9 31.1 54.9
17.9 21.8 63.6
24.9 29.3 64.6
26.9 27.4 71.7
22.4 21.0 77.1
26.4 25.2 84.2
29.2 18.8 90.0
23.1 20.4 97.5
29.6 21.6 103.7
19.5 18.4 112.8
26.0 15.7 117.1
16.6 17.2 124.9
21.5 12.8 127.0
20.7 18.2 140.1
18.0 10.8 141.4
21.3 11.0 148.6
15.6 14.2 156.2
13.7 4.6 163.3
12.3 1.3 167.4
12.8 -0.2 176.4
8.5 -5.2 175.8
-0.6 -12.0 174.8
-5.2 -6.2 175.2
-14.2 -11.6 172.3
-3.7 0.2 84.9
1.7 -2.5 83.4
-13.9 -16.5 154.7
-9.7 -13.5 148.4
-11.3 -18.0 145.6
-20.8 -11.5 135.8
-16.1 -20.3 127.4
-20.4 -20.9 124.3
-16.6 -18.1 112.7
-32.9 -20.1 105.4
-46.8 -10.4 70.3
-21.7 -23.8 93.7
-27.2 -19.4 91.4
-21.0 -14.6 82.7
-17.1 -22.0 71.3
-23.9 -23.2 71.1
-25.1 -19.3 59.1
-24.6 -16.5 58.3
-20.2 -19.2 45.8
-13.7 -33.1 39.0
-5.4 -35.1 48.9
-10.4 -41.9 42.0
0.7 -37.3 51.3
-5.5 -48.8 66.3
7.1 -36.2 62.0
1.0 -33.4 70.7
13.2 -27.5 72.5
1.2 -30.3 84.8
-45.4 -29.8 64.1
7.3 -31.9 101.9
3.5 -8.8 111.0
6.8 -27.0 115.6
18.5 -18.7 123.2
5.4 -25.2 129.9
4.3 -20.6 139.5
5.0 -18.4 149.0
5.2 -21.5 153.6
3.8 -16.4 159.1
-21.6 -11.4 99.5
-4.9 -19.1 167.1
3.8 -10.3 159.9
-13.8 29.7 73.7
-11.6 -2.9 158.3
-14.9 32.3 70.7
-18.8 3.2 147.6
-9.6 1.4 137.8
-11.3 28.5 68.9
-23.8 9.7 133.6
-11.8 10.8 139.0
-9.2 17.5 63.2
-33.8 21.9 122.0
-26.6 13.8 120.4
-16.8 -18.0 69.6
-27.6 1.8 114.0
-19.0 -24.0 62.4
-24.2 -10.2 108.6
-33.3 -19.4 103.0
-35.5 -14.8 92.0
-21.8 -6.8 89.2
-38.8 -0.9 92.8
-28.5 6.2 94.9
-35.7 24.5 82.0
-34.8 20.7 77.2
-24.4 12.4 69.6
-31.2 8.6 63.8
-20.1 5.9 59.1
-8.2 -34.1 30.1
-8.0 10.0 46.0
-12.2 19.1 51.7
-24.2 28.5 29.7
-0.1 -31.5 16.6
-14.0 30.3 42.1
-16.6 26.1 49.0
1.4 -31.6 34.8
-14.9 28.7 63.0
-25.0 30.2 71.9
-2.0 -27.7 52.2
-11.9 31.0 84.1
-8.9 24.5 88.7
-13.5 24.9 101.3
-0.8 24.5 105.6
-1.8 18.6 113.6
0.4 26.3 118.8
8.0 18.8 124.8
6.3 27.6 133.6
21.4 -4.4 82.5
6.0 24.4 148.5
-2.0 18.9 152.4
3.4 12.9 157.7
5.2 16.4 167.3
-1.5 16.6 174.6
3.9 10.4 180.5
12.4 11.4 173.8
14.4 3.0 172.2
18.4 5.3 163.4
-23.1 2.1 100.8
14.2 -7.8 152.8
24.6 2.2 154.9
26.5 -0.5 147.8
25.0 8.5 142.4
24.7 -1.0 130.8
27.9 11.7 129.8
31.3 8.8 119.6
33.1 17.8 118.1
33.1 16.5 109.3
29.1 25.9 112.6
17.8 25.4 106.1
15.0 32.0 103.7
21.6 26.4 90.2
2.0 32.2 96.8
2.3 31.0 84.4
7.4 42.5 81.5
7.9 33.3 73.4
13.2 36.9 64.7
14.3 45.8 62.7
7.0 37.4 65.2
-7.8 43.4 58.1
2.7 36.2 51.8
8.4 29.0 55.8
19.4 28.7 68.8
20.7 34.4 75.0
18.3 38.2 85.4
26.8 31.9 86.8
30.4 38.7 78.4
29.3 30.2 67.9
44.1 33.3 67.1
39.1 31.9 54.2
48.1 23.0 58.1
38.7 17.1 63.3
47.0 19.0 73.2
38.9 14.3 78.3
29.9 15.9 93.2
42.5 14.3 93.6
40.4 7.7 106.5
39.8 16.8 109.2
35.3 12.5 117.9
-38.6 9.9 87.3
29.8 9.0 133.7
-31.8 5.2 95.4
22.7 7.9 148.9
23.4 2.7 153.4
18.2 4.8 163.1
16.8 -2.9 168.8
5.5 -5.2 165.7
9.4 -12.9 166.2
-24.7 -14.9 97.4
-3.0 -12.4 158.9
-29.9 -18.2 95.2
0.9 -14.2 145.9
1.6 -14.9 136.0
5.4 -20.9 132.9
-38.1 -24.0 81.0
-2.5 -28.5 118.3
3.0 -33.3 105.4
-4.9 -38.4 105.8
-0.4 -37.1 95.6
-6.4 -31.6 87.9
-8.3 -37.5 81.1
-11.8 -27.3 77.5
-21.1 -21.2 65.6
-15.6 -35.7 57.2
-20.8 -41.5 68.2
-3.8 -32.8 77.6
-5.2 -23.0 70.0
-1.7 -31.7 62.5
11.7 -26.5 68.1
12.6 -15.7 57.4
8.6 -15.9 70.8
23.7 -12.8 68.7
3.2 -32.9 68.5
19.4 -27.1 74.0
19.3 -27.0 85.0
15.1 -22.3 92.5
23.6 -22.4 98.7
19.5 -22.6 110.7
29.9 -20.6 108.4
-40.7 -20.3 72.4
32.0 -8.1 97.1
24.6 -5.0 90.8
34.4 -5.5 83.2
36.2 -4.0 73.3
28.0 -3.3 67.5
34.9 -6.9 57.4
26.7 2.4 57.6
36.9 8.3 49.5
22.5 11.3 46.2
21.5 33.2 49.6
21.1 18.3 37.3
9.5 16.9 38.3
8.1 29.2 31.1
14.3 -28.0 18.9
3.8 28.9 39.8
-12.5 25.6 43.3
-4.9 34.7 40.6
-13.9 40.9 42.0
-16.5 34.7 50.2
14.1 -28.4 39.3
-2.2 38.4 65.0
-7.3 28.3 71.2
-8.6 32.1 78.9
-2.7 28.9 91.5
15.3 -20.4 62.9
-4.2 28.6 105.6
-9.4 30.9 111.9
6.5 -17.0 69.4
-18.3 18.5 106.6
-26.1 11.3 109.6
-25.2 7.2 95.8
-33.5 6.3 92.6
-40.0 11.7 91.6
-33.6 -29.4 56.3
-42.5 3.3 87.8
-54.6 18.1 79.1
-43.8 -0.1 69.1
-46.9 -39.6 38.5
-49.6 3.8 59.5
-31.5 -37.0 39.0
-41.2 9.8 63.5
-31.7 3.5 63.0
-16.3 -34.9 36.4
-42.6 17.1 57.1
-39.6 35.5 43.4
-38.0 -26.9 21.0
-35.7 32.7 41.8
-22.2 -37.3 26.5
-26.4 39.0 47.4
-34.3 31.7 52.5
-26.8 21.9 60.1
-15.4 -34.7 36.2
-28.7 20.5 74.1
-32.2 33.1 81.6
-35.0 22.6 89.3
-29.7 27.2 96.5
-38.3 33.0 89.5
-8.3 -18.9 68.1
-37.6 29.4 108.6
-31.7 27.8 126.3
-22.3 24.6 123.2
-16.2 30.7 118.6
-5.5 30.3 118.3
-2.8 32.3 120.6
2.0 30.4 109.7
42.9 -13.3 70.1
23.5 30.3 103.0
43.6 16.3 70.2
-47.7 40.3 80.7
35.4 24.2 105.6
34.5 21.0 96.8
41.0 17.0 94.3
41.2 5.1 93.5
28.4 -1.0 101.3
44.0 -8.3 96.8
29.0 -19.7 96.4
31.2 -20.3 108.7
-38.8 -43.7 73.2
28.6 -35.8 111.7
-40.3 -51.7 70.1
28.4 -32.2 76.5
41.3 -30.3 84.7
37.8 -24.0 81.7
-46.9 -47.5 51.5
45.2 -14.8 70.1
-49.1 -32.2 46.2
45.6 -5.0 66.9
55.7 1.9 68.6
52.3 -1.2 57.7
42.9 7.6 54.3
38.0 -0.1 59.7
31.3 10.1 56.1
15.3 0.6 75.7
34.9 -3.3 70.0
40.3 -6.7 76.3
37.3 -10.3 88.3
47.6 -13.4 88.2
-43.0 -31.7 69.9
46.4 -13.3 101.0
-39.2 -26.2 81.2
32.2 -20.3 119.7
32.0 -21.6 128.9
26.2 -17.7 136.7
-29.9 -17.8 93.3
21.3 -13.8 149.8
25.9 -12.7 158.2
8.1 -8.9 167.0
19.2 -4.1 171.1
17.9 -6.0 180.2
12.2 -2.1 186.3
10.8 -4.4 193.6
6.8 0.5 196.7
1.7 3.3 191.3
3.2 14.2 92.4
-9.0 7.3 187.0
-7.2 39.3 78.1
-13.5 0.8 174.0
-17.5 5.2 169.8
-13.8 0.4 160.5
-23.5 3.0 153.1
-19.7 -9.4 151.6
-28.0 2.8 143.9
-27.1 0.3 134.4
-32.2 2.6 127.9
-47.0 -1.0 18.9
-45.4 19.7 99.1
-34.9 11.0 51.7
-42.2 4.6 95.0
-37.0 -33.0 50.8
-43.0 6.6 82.4
-51.6 7.6 75.0
-41.2 13.3 64.4
-41.1 -40.2 33.0
-41.7 17.5 53.5
-24.8 -37.7 28.8
-32.2 27.6 49.2
-24.5 35.1 55.7
-17.6 31.3 45.7
-11.9 33.2 60.2
-3.5 41.2 61.1
-4.3 30.4 62.6
10.9 39.0 53.1
